1|100|1|2022-06-26|2023-07-12|1|1|0|482
2|101|1|2023-09-27|2023-11-28|1|1|0|180
3|102|1|2022-07-09|2023-02-18|1|4|0|208
4|103|1|2023-04-20|2023-11-28|1|1|0|471
5|104|1|2023-06-22|2024-02-27|1|4|0|251
6|105|1|2022-07-03|2023-09-01|1|4|0|228
7|106|1|2023-02-06|2024-01-26|1|2|0|35
8|107|1|2024-02-04|2024-02-07|1|3|0|24
9|108|1|2022-01-14|2022-09-11|1|1|0|435
10|109|1|2023-02-13|2023-03-06|1|4|0|393
11|110|1|2023-12-21|2024-03-27|1|1|0|4
12|111|1|2022-01-18|2024-03-01|1|4|0|223
13|112|1|2022-05-23|2023-12-15|1|1|0|485
14|113|1|2022-07-23|2023-01-27|1|4|0|167
15|114|1|2022-01-13|2022-08-01|1|1|0|215
16|115|1|2023-03-20|2023-12-31|1|3|0|59
17|116|1|2023-08-03|2023-11-19|1|2|0|9
18|117|1|2022-10-18|2023-04-14|1|2|0|29
19|118|1|2022-04-17|2023-10-03|1|2|0|344
20|119|1|2022-01-04|2023-05-12|1|4|0|321
21|120|1|2022-06-06|2023-06-17|1|2|0|205
22|121|1|2023-01-27|2023-02-05|1|4|0|290
23|122|1|2023-06-25|2024-02-22|1|2|0|211
24|123|1|2022-01-21|2022-06-26|1|4|0|128
25|124|1|2022-04-12|2023-01-31|1|3|0|86
26|200|1|2022-03-26|2022-08-19|2|1|0|418
27|201|1|2022-09-15|2022-10-25|2|2|0|21
28|202|1|2022-10-14|2023-01-31|2|4|0|102
29|203|1|2023-06-09|2023-10-25|2|3|0|228
30|204|1|2022-10-28|2023-10-10|2|3|0|21
31|205|1|2023-12-20|2024-02-04|2|1|0|233
32|206|1|2024-02-10|2024-02-15|2|3|0|84
33|207|1|2022-05-10|2023-02-22|2|2|0|20
34|208|1|2022-12-22|2023-08-25|2|2|0|44
35|209|1|2024-03-25|2024-03-31|2|3|0|429
36|210|1|2023-04-10|2023-08-18|2|3|0|450
37|211|1|2022-04-07|2022-09-11|2|1|0|387
38|212|1|2023-06-25|2023-08-08|2|4|0|191
39|213|1|2022-11-20|2023-09-15|2|1|0|421
40|214|1|2022-11-01|2023-05-10|2|3|0|93
41|215|1|2023-08-28|2024-02-21|2|4|0|376
42|216|1|2023-08-11|2023-11-16|2|1|0|51
43|217|1|2022-10-31|2023-04-14|2|1|0|104
44|218|1|2022-07-08|2023-06-21|2|3|0|255
45|219|1|2023-09-13|2023-10-09|2|2|0|288
46|220|1|2023-09-23|2023-10-12|2|1|0|404
47|221|1|2023-04-20|2023-06-09|2|3|0|398
48|222|1|2024-03-03|2024-03-27|2|3|0|444
49|223|1|2023-01-11|2023-05-01|2|2|0|240
50|224|1|2023-02-22|2023-08-20|2|2|0|354
51|300|1|2023-12-30|2024-03-28|3|4|0|372
52|301|1|2024-03-24|2024-03-26|3|1|0|444
53|302|1|2022-03-28|2023-11-05|3|4|0|269
54|303|1|2022-07-11|2023-08-04|3|4|0|402
55|304|1|2023-03-21|2023-04-05|3|2|0|135
56|305|1|2023-12-02|2024-03-11|3|3|0|223
57|306|1|2024-02-21|2024-03-20|3|1|0|263
58|307|1|2022-01-02|2022-10-02|3|3|0|496
59|308|1|2022-08-06|2023-08-13|3|3|0|370
60|309|1|2023-01-21|2024-01-22|3|1|0|401
61|310|1|2023-07-02|2023-09-27|3|4|0|378
62|311|1|2022-10-12|2023-12-16|3|1|0|375
63|312|1|2024-01-11|2024-04-03|3|2|0|394
64|313|1|2023-09-04|2023-11-14|3|1|0|491
65|314|1|2023-11-25|2023-12-10|3|1|0|385
66|315|1|2022-08-05|2023-12-13|3|1|0|112
67|316|1|2022-07-03|2023-04-04|3|2|0|265
68|317|1|2023-08-25|2023-12-25|3|1|0|375
69|318|1|2022-01-08|2022-03-04|3|3|0|178
70|319|1|2022-02-11|2022-04-17|3|3|0|243
71|320|1|2023-10-01|2024-03-13|3|2|0|267
72|321|1|2023-03-26|2023-10-10|3|3|0|152
73|322|1|2023-01-25|2023-06-27|3|3|0|398
74|323|1|2022-08-12|2023-02-25|3|4|0|236
75|324|1|2023-06-21|2023-07-02|3|2|0|98
76|100|2|2022-06-27|2023-09-28|4|3|0|158
77|101|2|2023-03-27|2023-05-12|4|3|0|402
78|102|2|2022-04-28|2024-02-15|4|3|0|297
79|103|2|2022-01-11|2023-08-14|4|1|0|279
80|104|2|2022-11-08|2022-11-22|4|4|0|413
81|105|2|2023-07-12|2024-04-04|4|4|0|204
82|106|2|2023-03-25|2023-06-30|4|3|0|165
83|107|2|2024-02-06|2024-03-29|4|2|0|92
84|108|2|2022-06-07|2023-04-23|4|4|0|427
85|109|2|2022-02-24|2022-10-19|4|1|0|299
86|110|2|2023-02-04|2023-05-16|4|2|0|105
87|111|2|2023-05-16|2023-08-30|4|1|0|467
88|112|2|2022-02-01|2023-05-30|4|2|0|295
89|113|2|2022-10-31|2023-06-25|4|4|0|130
90|114|2|2023-12-30|2024-01-11|4|3|0|132
91|115|2|2023-01-08|2023-10-09|4|3|0|217
92|116|2|2023-11-16|2024-03-17|4|1|0|386
93|117|2|2023-02-14|2023-03-27|4|2|0|100
94|118|2|2023-04-07|2023-08-18|4|4|0|274
95|119|2|2022-05-29|2022-07-05|4|3|0|125
96|120|2|2023-04-28|2023-12-08|4|2|0|101
97|121|2|2024-02-24|2024-03-13|4|3|0|250
98|122|2|2024-01-19|2024-02-01|4|3|0|472
99|123|2|2022-06-17|2023-11-17|4|2|0|312
100|124|2|2024-03-25|2024-03-29|4|2|0|386
101|200|2|2022-04-01|2023-07-27|5|2|0|352
102|201|2|2023-11-07|2024-03-07|5|2|0|342
103|202|2|2023-01-10|2024-03-30|5|4|0|434
104|203|2|2023-02-20|2023-06-15|5|1|0|472
105|204|2|2022-06-14|2024-03-03|5|2|0|234
106|205|2|2023-05-24|2023-11-03|5|3|0|280
107|206|2|2023-08-19|2023-09-06|5|4|0|183
108|207|2|2023-10-31|2024-01-17|5|4|0|249
109|208|2|2022-06-08|2023-12-20|5|1|0|259
110|209|2|2023-04-11|2024-02-08|5|1|0|287
111|210|2|2022-04-11|2022-04-19|5|2|0|184
112|211|2|2023-01-04|2023-09-20|5|3|0|345
113|212|2|2023-04-25|2023-12-29|5|4|0|12
114|213|2|2022-03-28|2022-06-10|5|4|0|425
115|214|2|2022-11-14|2022-12-01|5|4|0|459
116|215|2|2023-09-03|2023-11-13|5|1|0|289
117|216|2|2022-05-02|2022-09-28|5|3|0|142
118|217|2|2023-10-08|2024-02-10|5|1|0|86
119|218|2|2023-04-07|2024-03-07|5|1|0|226
120|219|2|2022-03-06|2022-07-16|5|3|0|107
121|220|2|2024-01-30|2024-04-01|5|2|0|385
122|221|2|2023-06-10|2024-03-24|5|1|0|493
123|222|2|2022-01-17|2022-12-05|5|1|0|485
124|223|2|2023-12-16|2024-02-04|5|2|0|92
125|224|2|2023-04-03|2023-09-16|5|1|0|488
126|300|2|2023-04-09|2023-07-16|6|1|0|116
127|301|2|2024-02-15|2024-04-05|6|1|0|137
128|302|2|2023-10-09|2024-04-07|6|3|0|160
129|303|2|2024-02-28|2024-02-29|6|1|0|186
130|304|2|2022-08-08|2023-10-19|6|2|0|85
131|305|2|2022-06-10|2023-06-26|6|4|0|328
132|306|2|2023-09-13|2024-01-15|6|3|0|21
133|307|2|2022-12-12|2023-03-12|6|1|0|21
134|308|2|2024-03-29|2024-04-07|6|1|0|24
135|309|2|2022-01-21|2023-03-21|6|2|0|402
136|310|2|2022-04-07|2022-04-22|6|3|0|309
137|311|2|2023-07-16|2024-02-15|6|2|0|391
138|312|2|2023-02-15|2023-12-23|6|1|0|392
139|313|2|2023-11-12|2024-01-24|6|4|0|345
140|314|2|2022-10-25|2024-02-19|6|1|0|0
141|315|2|2022-04-11|2024-03-01|6|1|0|79
142|316|2|2023-02-09|2023-07-28|6|1|0|461
143|317|2|2023-08-04|2024-02-21|6|4|0|112
144|318|2|2022-05-29|2023-01-01|6|2|0|257
145|319|2|2022-12-26|2023-06-26|6|3|0|299
146|320|2|2023-04-03|2024-02-12|6|2|0|304
147|321|2|2022-11-15|2022-11-27|6|2|0|79
148|322|2|2022-06-13|2022-09-05|6|1|0|175
149|323|2|2022-04-05|2022-11-13|6|3|0|19
150|324|2|2023-11-28|2023-12-24|6|4|0|119
151|100|3|2022-09-20|2023-04-01|7|2|0|385
152|101|3|2022-12-06|2023-09-09|7|5|0|21
153|102|3|2023-04-13|2023-11-18|7|3|0|423
154|103|3|2024-01-06|2024-01-11|7|5|0|31
155|104|3|2022-03-29|2022-12-18|7|2|0|181
156|105|3|2023-01-25|2023-12-02|7|4|0|184
157|106|3|2023-02-24|2023-07-08|7|5|0|9
158|107|3|2024-01-04|2024-03-16|7|2|0|465
159|108|3|2023-11-09|2024-02-20|7|4|0|35
160|109|3|2023-04-13|2023-08-18|7|5|0|204
161|110|3|2023-11-12|2024-02-02|7|4|0|339
162|111|3|2022-01-11|2023-11-03|7|4|0|357
163|112|3|2023-03-16|2023-11-03|7|2|0|75
164|113|3|2023-02-04|2023-05-28|7|2|0|333
165|114|3|2022-01-12|2022-04-02|7|4|0|425
166|115|3|2023-01-20|2024-03-04|7|5|0|69
167|116|3|2022-02-20|2022-12-07|7|4|0|206
168|117|3|2023-11-28|2024-03-30|7|1|0|394
169|118|3|2023-12-28|2024-02-16|7|5|0|293
170|119|3|2022-02-18|2022-10-25|7|3|0|372
171|120|3|2023-03-01|2023-10-01|7|3|0|270
172|121|3|2023-04-24|2024-01-25|7|1|0|106
173|122|3|2024-01-07|2024-03-26|7|4|0|106
174|123|3|2022-05-05|2023-04-27|7|5|0|26
175|124|3|2022-07-15|2023-10-18|7|1|0|210
176|200|3|2022-11-26|2023-04-04|8|2|0|445
177|201|3|2023-02-20|2023-09-02|8|4|0|263
178|202|3|2024-01-06|2024-01-26|8|1|0|443
179|203|3|2022-12-30|2024-02-10|8|3|0|349
180|204|3|2024-03-20|2024-04-02|8|5|0|185
181|205|3|2022-05-24|2023-10-29|8|5|0|472
182|206|3|2024-01-15|2024-02-29|8|5|0|71
183|207|3|2023-01-08|2023-03-16|8|4|0|284
184|208|3|2022-01-30|2023-03-09|8|2|0|63
185|209|3|2023-04-09|2023-05-13|8|2|0|333
186|210|3|2023-06-02|2023-09-26|8|5|0|64
187|211|3|2023-02-16|2023-11-30|8|3|0|148
188|212|3|2023-12-20|2024-01-10|8|5|0|481
189|213|3|2023-05-04|2024-02-22|8|1|0|36
190|214|3|2022-05-16|2023-06-26|8|5|0|154
191|215|3|2022-11-30|2023-06-18|8|4|0|2
192|216|3|2022-12-06|2023-07-26|8|4|0|178
193|217|3|2022-11-02|2023-09-29|8|5|0|93
194|218|3|2022-11-30|2023-11-17|8|3|0|288
195|219|3|2024-02-15|2024-02-22|8|5|0|280
196|220|3|2022-02-21|2023-02-12|8|5|0|93
197|221|3|2024-02-13|2024-02-13|8|2|0|281
198|222|3|2023-10-19|2023-12-13|8|2|0|407
199|223|3|2024-02-25|2024-03-06|8|5|0|370
200|224|3|2024-01-17|2024-01-23|8|1|0|184
201|300|3|2022-10-30|2023-09-19|9|4|0|9
202|301|3|2022-09-24|2022-11-17|9|5|0|3
203|302|3|2023-01-11|2024-02-03|9|5|0|22
204|303|3|2023-05-06|2023-05-26|9|3|0|79
205|304|3|2022-10-15|2023-05-31|9|5|0|197
206|305|3|2022-10-08|2023-04-09|9|3|0|300
207|306|3|2022-08-27|2024-04-02|9|5|0|165
208|307|3|2024-02-05|2024-02-12|9|5|0|491
209|308|3|2022-04-14|2023-02-25|9|2|0|134
210|309|3|2023-12-11|2024-03-28|9|3|0|301
211|310|3|2023-07-21|2023-11-24|9|5|0|158
212|311|3|2023-04-16|2024-01-13|9|5|0|394
213|312|3|2024-02-04|2024-03-26|9|3|0|226
214|313|3|2022-09-01|2023-06-01|9|2|0|313
215|314|3|2022-09-17|2023-04-18|9|4|0|291
216|315|3|2022-11-12|2023-11-20|9|4|0|165
217|316|3|2023-02-24|2023-10-30|9|4|0|435
218|317|3|2023-07-11|2023-08-20|9|1|0|321
219|318|3|2022-01-19|2022-04-07|9|5|0|473
220|319|3|2023-04-01|2024-02-11|9|5|0|89
221|320|3|2023-08-23|2024-02-20|9|2|0|361
222|321|3|2022-07-10|2023-09-28|9|1|0|206
223|322|3|2023-12-27|2024-01-16|9|4|0|403
224|323|3|2024-03-25|2024-03-31|9|3|0|476
225|324|3|2024-01-12|2024-01-12|9|5|0|114
226|100|4|2024-03-22|2024-03-30|10|1|0|23
227|101|4|2022-12-27|2023-01-30|10|4|0|321
228|102|4|2023-01-16|2023-03-26|10|3|0|363
229|103|4|2022-04-11|2023-02-20|10|1|0|183
230|104|4|2022-01-03|2023-12-11|10|4|0|432
231|105|4|2024-01-07|2024-01-29|10|1|0|358
232|106|4|2023-09-01|2024-03-05|10|3|0|24
233|107|4|2022-05-20|2023-08-07|10|1|0|55
234|108|4|2022-12-07|2023-06-23|10|1|0|71
235|109|4|2022-01-20|2022-11-05|10|4|0|213
236|110|4|2022-03-28|2023-04-30|10|4|0|126
237|111|4|2023-02-26|2024-03-07|10|1|0|99
238|112|4|2023-03-24|2023-03-29|10|1|0|56
239|113|4|2023-02-03|2024-01-04|10|2|0|61
240|114|4|2023-12-02|2024-02-03|10|3|0|413
241|115|4|2023-02-07|2024-03-14|10|1|0|438
242|116|4|2023-07-31|2023-11-29|10|1|0|301
243|117|4|2022-11-29|2023-09-13|10|3|0|164
244|118|4|2023-10-09|2024-01-16|10|3|0|151
245|119|4|2022-10-21|2022-12-30|10|1|0|24
246|120|4|2023-02-10|2023-06-13|10|1|0|189
247|121|4|2023-03-04|2023-10-16|10|4|0|138
248|122|4|2023-03-16|2023-03-17|10|1|0|420
249|123|4|2024-02-09|2024-04-07|10|3|0|98
250|124|4|2023-09-14|2023-10-24|10|2|0|277
251|200|4|2024-01-26|2024-04-06|11|2|0|131
252|201|4|2023-01-03|2024-03-06|11|2|0|5
253|202|4|2024-01-24|2024-02-04|11|1|0|389
254|203|4|2024-01-13|2024-01-16|11|2|0|418
255|204|4|2022-08-07|2022-12-24|11|4|0|25
256|205|4|2022-03-08|2022-08-29|11|3|0|424
257|206|4|2022-02-05|2023-05-23|11|1|0|74
258|207|4|2024-01-05|2024-01-16|11|3|0|170
259|208|4|2022-12-07|2023-10-09|11|3|0|452
260|209|4|2022-11-06|2023-02-05|11|1|0|38
261|210|4|2022-12-01|2023-12-07|11|3|0|462
262|211|4|2022-08-14|2022-11-18|11|1|0|439
263|212|4|2022-08-09|2023-11-18|11|2|0|343
264|213|4|2023-10-08|2024-01-04|11|2|0|161
265|214|4|2023-11-14|2024-01-01|11|3|0|90
266|215|4|2024-02-18|2024-04-05|11|4|0|55
267|216|4|2023-10-22|2023-12-10|11|2|0|158
268|217|4|2022-01-04|2022-01-05|11|1|0|250
269|218|4|2022-07-16|2022-11-12|11|1|0|379
270|219|4|2023-07-14|2024-01-31|11|4|0|333
271|220|4|2022-11-30|2023-12-16|11|3|0|317
272|221|4|2023-05-17|2023-06-20|11|2|0|259
273|222|4|2023-11-24|2024-02-15|11|4|0|264
274|223|4|2023-04-18|2023-05-06|11|2|0|482
275|224|4|2022-09-12|2023-06-04|11|3|0|81
276|300|4|2023-05-20|2023-07-10|12|3|0|456
277|301|4|2022-02-07|2022-12-19|12|4|0|222
278|302|4|2023-11-17|2023-12-05|12|1|0|324
279|303|4|2024-01-29|2024-02-01|12|4|0|54
280|304|4|2024-01-09|2024-01-17|12|4|0|186
281|305|4|2022-11-30|2023-04-23|12|4|0|21
282|306|4|2023-01-04|2024-01-24|12|3|0|346
283|307|4|2023-09-11|2023-11-09|12|1|0|301
284|308|4|2023-10-27|2024-02-14|12|3|0|308
285|309|4|2022-08-25|2023-06-09|12|4|0|291
286|310|4|2023-09-26|2023-12-07|12|3|0|323
287|311|4|2024-01-17|2024-02-25|12|2|0|114
288|312|4|2024-02-29|2024-04-02|12|4|0|227
289|313|4|2022-11-13|2023-01-20|12|3|0|22
290|314|4|2023-09-20|2024-03-20|12|4|0|319
291|315|4|2023-06-08|2024-02-17|12|4|0|356
292|316|4|2022-09-14|2023-07-25|12|4|0|0
293|317|4|2023-03-05|2024-02-29|12|4|0|405
294|318|4|2022-01-09|2022-08-18|12|4|0|258
295|319|4|2023-10-22|2024-02-16|12|1|0|162
296|320|4|2024-01-04|2024-02-20|12|2|0|300
297|321|4|2022-06-20|2023-08-03|12|4|0|477
298|322|4|2023-03-12|2024-03-22|12|1|0|95
299|323|4|2022-11-04|2023-10-26|12|4|0|363
300|324|4|2023-03-21|2024-02-24|12|2|0|423
301|100|5|2023-06-25|2024-02-26|13|2|0|360
302|101|5|2023-05-16|2023-05-30|13|2|0|164
303|102|5|2023-07-03|2024-03-19|13|5|0|368
304|103|5|2023-01-31|2023-03-01|13|1|0|326
305|104|5|2023-05-11|2023-12-20|13|4|0|98
306|105|5|2023-06-12|2023-12-06|13|1|0|376
307|106|5|2022-05-29|2022-12-25|13|5|0|48
308|107|5|2023-08-21|2023-11-14|13|4|0|343
309|108|5|2022-03-08|2022-09-05|13|4|0|99
310|109|5|2023-10-22|2023-10-27|13|1|0|497
311|110|5|2023-08-31|2023-11-26|13|1|0|278
312|111|5|2023-06-06|2023-08-17|13|1|0|20
313|112|5|2022-07-26|2022-09-05|13|1|0|9
314|113|5|2022-10-22|2023-10-11|13|2|0|493
315|114|5|2023-09-17|2023-12-14|13|2|0|164
316|115|5|2022-03-01|2022-04-09|13|4|0|44
317|116|5|2023-07-20|2024-02-19|13|5|0|31
318|117|5|2023-01-16|2023-08-21|13|5|0|206
319|118|5|2022-12-04|2023-09-04|13|5|0|257
320|119|5|2023-03-22|2023-07-15|13|4|0|447
321|120|5|2022-04-09|2023-03-28|13|2|0|242
322|121|5|2022-02-08|2022-02-27|13|2|0|55
323|122|5|2023-04-18|2023-09-10|13|2|0|267
324|123|5|2022-03-03|2023-03-23|13|5|0|35
325|124|5|2023-05-05|2023-08-24|13|5|0|376
326|200|5|2023-10-23|2023-11-13|14|2|0|298
327|201|5|2024-03-22|2024-03-22|14|4|0|252
328|202|5|2023-02-09|2023-10-25|14|3|0|398
329|203|5|2024-03-19|2024-04-07|14|3|0|174
330|204|5|2022-05-31|2023-07-01|14|1|0|292
331|205|5|2022-12-12|2023-08-21|14|1|0|300
332|206|5|2022-08-10|2023-05-24|14|4|0|105
333|207|5|2023-02-18|2023-07-16|14|1|0|362
334|208|5|2023-12-21|2024-03-02|14|4|0|182
335|209|5|2024-01-13|2024-02-12|14|4|0|313
336|210|5|2023-05-05|2023-09-07|14|3|0|229
337|211|5|2022-10-14|2023-10-15|14|4|0|475
338|212|5|2022-12-10|2023-09-26|14|3|0|45
339|213|5|2022-11-28|2022-12-03|14|3|0|203
340|214|5|2023-12-04|2024-03-01|14|2|0|473
341|215|5|2023-10-13|2023-12-14|14|4|0|108
342|216|5|2022-12-30|2023-11-12|14|4|0|14
343|217|5|2022-10-24|2024-04-03|14|2|0|148
344|218|5|2024-03-01|2024-03-23|14|2|0|45
345|219|5|2024-03-06|2024-03-24|14|2|0|91
346|220|5|2022-06-24|2022-10-14|14|1|0|125
347|221|5|2023-09-26|2024-03-25|14|5|0|481
348|222|5|2022-01-15|2022-12-04|14|1|0|52
349|223|5|2022-07-30|2024-02-29|14|3|0|36
350|224|5|2022-11-23|2023-08-18|14|5|0|404
351|300|5|2022-05-09|2022-11-28|15|1|0|369
352|301|5|2023-08-08|2023-12-06|15|3|0|86
353|302|5|2023-07-15|2024-03-29|15|2|0|394
354|303|5|2023-05-12|2023-06-05|15|3|0|35
355|304|5|2022-05-01|2022-10-11|15|5|0|218
356|305|5|2023-02-26|2023-04-09|15|5|0|153
357|306|5|2022-09-25|2023-01-08|15|5|0|477
358|307|5|2022-06-11|2023-11-03|15|5|0|337
359|308|5|2022-11-22|2022-12-05|15|3|0|480
360|309|5|2022-02-02|2023-11-26|15|5|0|51
361|310|5|2022-06-17|2022-12-23|15|2|0|400
362|311|5|2023-04-10|2023-08-20|15|3|0|89
363|312|5|2023-05-01|2023-06-28|15|4|0|236
364|313|5|2023-05-19|2023-09-21|15|4|0|303
365|314|5|2023-06-17|2023-12-04|15|2|0|376
366|315|5|2022-12-28|2023-07-27|15|5|0|195
367|316|5|2023-08-09|2024-01-29|15|4|0|476
368|317|5|2023-02-04|2023-03-24|15|3|0|158
369|318|5|2022-04-11|2022-10-05|15|2|0|470
370|319|5|2022-09-02|2022-12-28|15|4|0|353
371|320|5|2023-02-04|2024-01-04|15|1|0|261
372|321|5|2024-03-28|2024-03-30|15|2|0|426
373|322|5|2022-06-19|2023-08-12|15|3|0|488
374|323|5|2023-02-07|2023-09-01|15|3|0|345
375|324|5|2023-02-25|2024-01-22|15|1|0|63
376|100|6|2022-03-20|2023-03-29|16|1|0|241
377|101|6|2022-11-22|2024-04-07|16|1|0|349
378|102|6|2022-06-12|2023-03-29|16|2|0|40
379|103|6|2023-12-17|2024-02-02|16|3|0|442
380|104|6|2023-04-25|2024-01-03|16|5|0|93
381|105|6|2022-12-08|2022-12-24|16|1|0|469
382|106|6|2022-03-10|2024-02-19|16|3|0|99
383|107|6|2024-02-26|2024-03-08|16|5|0|113
384|108|6|2023-06-02|2023-10-07|16|4|0|19
385|109|6|2022-03-13|2022-12-26|16|1|0|65
386|110|6|2022-07-16|2023-09-07|16|3|0|160
387|111|6|2023-09-17|2023-10-24|16|3|0|29
388|112|6|2023-05-20|2023-09-12|16|5|0|351
389|113|6|2022-02-10|2022-12-29|16|4|0|221
390|114|6|2022-12-30|2023-07-17|16|5|0|437
391|115|6|2022-01-22|2022-06-21|16|3|0|499
392|116|6|2023-02-13|2023-06-06|16|1|0|151
393|117|6|2022-04-23|2022-05-08|16|4|0|498
394|118|6|2022-02-25|2024-03-19|16|4|0|290
395|119|6|2022-03-31|2022-05-15|16|5|0|35
396|120|6|2022-06-13|2022-09-04|16|4|0|70
397|121|6|2024-03-09|2024-03-17|16|3|0|23
398|122|6|2022-01-06|2023-05-03|16|3|0|455
399|123|6|2023-01-13|2024-01-13|16|1|0|153
400|124|6|2023-12-05|2023-12-14|16|2|0|1
401|200|6|2023-05-10|2023-05-25|17|4|0|119
402|201|6|2023-06-07|2023-10-16|17|4|0|179
403|202|6|2023-08-23|2023-11-10|17|3|0|304
404|203|6|2022-03-01|2022-04-18|17|1|0|146
405|204|6|2022-05-11|2022-10-01|17|4|0|114
406|205|6|2023-08-09|2023-09-07|17|3|0|167
407|206|6|2022-06-29|2023-03-23|17|1|0|223
408|207|6|2022-11-22|2024-01-29|17|2|0|474
409|208|6|2024-03-02|2024-03-20|17|1|0|304
410|209|6|2022-12-01|2023-07-08|17|2|0|326
411|210|6|2022-06-01|2023-11-15|17|4|0|175
412|211|6|2023-07-09|2023-07-28|17|1|0|134
413|212|6|2023-12-06|2024-01-30|17|2|0|78
414|213|6|2022-08-29|2023-09-07|17|3|0|259
415|214|6|2022-10-22|2024-01-24|17|5|0|130
416|215|6|2023-08-25|2024-03-10|17|2|0|170
417|216|6|2023-04-27|2024-01-22|17|2|0|196
418|217|6|2022-05-06|2022-07-10|17|3|0|445
419|218|6|2022-07-24|2024-03-29|17|3|0|128
420|219|6|2022-03-08|2022-03-28|17|2|0|54
421|220|6|2023-07-13|2024-02-05|17|3|0|427
422|221|6|2022-11-07|2023-08-28|17|1|0|86
423|222|6|2022-02-20|2022-09-08|17|3|0|129
424|223|6|2023-03-04|2024-02-22|17|4|0|364
425|224|6|2022-05-18|2023-02-24|17|5|0|434
426|300|6|2022-01-23|2022-08-02|18|4|0|263
427|301|6|2023-10-22|2024-01-16|18|3|0|147
428|302|6|2022-03-24|2024-04-04|18|4|0|439
429|303|6|2022-03-23|2022-07-21|18|3|0|260
430|304|6|2022-02-05|2023-04-08|18|3|0|35
431|305|6|2023-10-07|2024-02-16|18|1|0|290
432|306|6|2023-10-02|2024-01-23|18|4|0|25
433|307|6|2022-04-09|2023-05-11|18|2|0|96
434|308|6|2023-11-13|2024-01-05|18|4|0|314
435|309|6|2022-09-08|2023-08-07|18|5|0|332
436|310|6|2024-01-29|2024-01-30|18|1|0|89
437|311|6|2024-01-19|2024-03-20|18|4|0|14
438|312|6|2022-07-07|2024-03-24|18|5|0|160
439|313|6|2023-03-22|2023-11-21|18|5|0|244
440|314|6|2023-10-05|2023-10-24|18|2|0|83
441|315|6|2023-05-10|2023-11-12|18|5|0|336
442|316|6|2023-04-14|2024-02-07|18|1|0|118
443|317|6|2023-10-19|2023-11-24|18|2|0|173
444|318|6|2023-02-22|2024-01-09|18|1|0|321
445|319|6|2022-06-13|2023-09-07|18|1|0|301
446|320|6|2022-10-01|2023-07-02|18|2|0|215
447|321|6|2024-01-17|2024-04-06|18|1|0|182
448|322|6|2024-02-28|2024-04-07|18|5|0|247
449|323|6|2023-05-28|2023-12-27|18|1|0|254
450|324|6|2023-11-01|2023-12-06|18|1|0|303
451|100|7|2023-01-11|2023-12-20|19|2|0|278
452|101|7|2023-03-02|2023-03-02|19|2|0|315
453|102|7|2023-04-09|2024-04-04|19|2|0|72
454|103|7|2022-05-03|2024-01-31|19|1|0|154
455|104|7|2022-01-18|2024-03-24|19|1|0|178
456|105|7|2022-11-24|2022-11-30|19|2|0|484
457|106|7|2022-01-11|2023-03-10|19|2|0|397
458|107|7|2023-04-11|2023-05-06|19|2|0|218
459|108|7|2022-08-05|2023-04-05|19|1|0|344
460|109|7|2022-07-16|2022-11-25|19|1|0|286
461|110|7|2022-03-16|2022-10-03|19|1|0|401
462|111|7|2023-01-22|2023-04-23|19|1|0|229
463|112|7|2023-01-14|2023-06-13|19|2|0|281
464|113|7|2023-07-04|2024-01-17|19|2|0|451
465|114|7|2024-02-27|2024-03-16|19|2|0|4
466|115|7|2023-11-07|2024-03-19|19|2|0|68
467|116|7|2023-05-27|2023-10-12|19|1|0|242
468|117|7|2023-08-26|2023-10-21|19|1|0|351
469|118|7|2022-11-28|2023-07-08|19|1|0|465
470|119|7|2024-02-12|2024-03-22|19|2|0|419
471|120|7|2022-05-08|2022-12-11|19|1|0|171
472|121|7|2022-03-26|2022-07-05|19|1|0|424
473|122|7|2024-03-30|2024-04-03|19|1|0|26
474|123|7|2022-03-17|2023-10-22|19|2|0|287
475|124|7|2022-12-16|2024-02-26|19|2|0|99
476|200|7|2022-06-23|2024-03-08|20|1|0|69
477|201|7|2023-10-15|2024-02-21|20|1|0|447
478|202|7|2022-05-27|2023-07-20|20|1|0|189
479|203|7|2022-02-04|2023-08-13|20|1|0|387
480|204|7|2022-10-24|2023-11-05|20|1|0|144
481|205|7|2023-03-28|2024-02-20|20|2|0|168
482|206|7|2022-06-27|2023-05-23|20|1|0|345
483|207|7|2024-01-13|2024-02-24|20|1|0|225
484|208|7|2023-08-02|2024-02-20|20|2|0|277
485|209|7|2022-05-06|2023-03-21|20|1|0|119
486|210|7|2023-03-22|2023-08-20|20|1|0|85
487|211|7|2023-03-07|2024-01-09|20|2|0|455
488|212|7|2022-05-07|2023-10-01|20|2|0|182
489|213|7|2023-06-06|2024-02-13|20|2|0|265
490|214|7|2023-05-11|2024-01-26|20|2|0|328
491|215|7|2022-10-19|2022-12-20|20|1|0|108
492|216|7|2022-01-27|2022-01-30|20|2|0|309
493|217|7|2023-09-13|2024-01-15|20|2|0|48
494|218|7|2023-01-11|2023-06-21|20|1|0|472
495|219|7|2022-06-01|2024-02-24|20|1|0|294
496|220|7|2023-08-24|2024-03-11|20|1|0|217
497|221|7|2022-08-09|2022-10-22|20|1|0|203
498|222|7|2022-02-07|2024-02-16|20|1|0|232
499|223|7|2022-04-06|2024-03-18|20|2|0|339
500|224|7|2023-11-28|2024-03-03|20|1|0|39
501|300|7|2023-07-30|2024-04-01|21|2|0|37
502|301|7|2022-10-12|2024-03-22|21|1|0|241
503|302|7|2022-10-07|2023-04-03|21|2|0|395
504|303|7|2023-05-17|2023-09-09|21|2|0|12
505|304|7|2022-09-06|2024-01-18|21|2|0|379
506|305|7|2023-09-14|2024-01-06|21|1|0|375
507|306|7|2022-10-25|2023-03-13|21|2|0|122
508|307|7|2022-01-29|2024-03-29|21|1|0|157
509|308|7|2022-08-17|2023-07-02|21|1|0|113
510|309|7|2022-12-15|2023-05-29|21|2|0|17
511|310|7|2023-02-06|2023-02-21|21|1|0|14
512|311|7|2022-03-06|2022-10-04|21|2|0|315
513|312|7|2022-02-27|2023-08-12|21|2|0|251
514|313|7|2023-07-25|2023-10-17|21|2|0|439
515|314|7|2023-05-01|2023-05-12|21|1|0|459
516|315|7|2022-01-29|2022-10-12|21|2|0|94
517|316|7|2022-02-20|2024-01-11|21|2|0|32
518|317|7|2023-05-11|2023-10-16|21|1|0|438
519|318|7|2022-02-10|2023-02-15|21|2|0|472
520|319|7|2024-03-08|2024-04-05|21|1|0|430
521|320|7|2022-10-11|2023-08-09|21|1|0|217
522|321|7|2023-08-23|2023-11-29|21|1|0|451
523|322|7|2024-02-15|2024-03-28|21|2|0|386
524|323|7|2022-01-20|2023-09-08|21|2|0|323
525|324|7|2023-08-03|2024-03-05|21|2|0|48
526|100|8|2023-11-04|2024-01-13|22|3|0|215
527|101|8|2023-01-04|2023-06-22|22|3|0|162
528|102|8|2022-05-21|2022-06-06|22|1|0|392
529|103|8|2022-06-09|2022-10-09|22|3|0|451
530|104|8|2023-07-11|2024-03-29|22|3|0|312
531|105|8|2023-11-28|2024-02-01|22|1|0|368
532|106|8|2024-03-12|2024-03-27|22|1|0|494
533|107|8|2023-06-12|2023-07-12|22|2|0|293
534|108|8|2022-11-04|2023-06-11|22|4|0|23
535|109|8|2023-08-23|2024-04-07|22|1|0|232
536|110|8|2022-03-25|2023-03-07|22|2|0|428
537|111|8|2023-03-04|2023-06-11|22|3|0|218
538|112|8|2022-08-10|2022-09-18|22|1|0|432
539|113|8|2023-05-24|2023-09-22|22|3|0|243
540|114|8|2024-02-05|2024-03-10|22|4|0|488
541|115|8|2022-12-18|2023-01-31|22|2|0|42
542|116|8|2022-06-23|2023-06-28|22|3|0|183
543|117|8|2023-07-19|2023-09-01|22|1|0|384
544|118|8|2022-08-12|2023-06-13|22|1|0|401
545|119|8|2024-02-04|2024-04-05|22|2|0|429
546|120|8|2022-06-15|2023-09-17|22|2|0|305
547|121|8|2022-11-03|2022-12-18|22|4|0|312
548|122|8|2023-06-09|2024-01-11|22|3|0|63
549|123|8|2022-07-20|2024-01-12|22|3|0|243
550|124|8|2024-02-29|2024-03-08|22|3|0|188
551|200|8|2022-12-06|2023-01-30|23|3|0|226
552|201|8|2022-02-04|2022-07-25|23|1|0|319
553|202|8|2023-07-17|2023-12-11|23|4|0|444
554|203|8|2022-12-12|2022-12-24|23|1|0|124
555|204|8|2023-12-31|2024-02-02|23|3|0|449
556|205|8|2023-04-05|2024-01-09|23|1|0|130
557|206|8|2022-05-31|2023-09-08|23|2|0|239
558|207|8|2022-04-30|2022-10-08|23|3|0|101
559|208|8|2022-09-22|2023-10-08|23|1|0|305
560|209|8|2022-12-29|2023-10-05|23|3|0|220
561|210|8|2022-10-07|2023-07-08|23|4|0|116
562|211|8|2022-06-17|2023-07-30|23|1|0|325
563|212|8|2022-02-05|2022-12-17|23|3|0|328
564|213|8|2024-03-13|2024-03-17|23|3|0|91
565|214|8|2023-01-21|2023-07-08|23|4|0|106
566|215|8|2024-01-01|2024-02-03|23|3|0|473
567|216|8|2022-03-12|2023-02-20|23|1|0|259
568|217|8|2022-01-13|2022-11-13|23|1|0|223
569|218|8|2023-12-02|2024-01-15|23|2|0|442
570|219|8|2022-11-06|2023-07-15|23|2|0|172
571|220|8|2022-04-20|2023-09-10|23|4|0|383
572|221|8|2023-07-26|2023-10-03|23|4|0|306
573|222|8|2023-07-24|2023-08-27|23|1|0|485
574|223|8|2022-09-23|2023-06-27|23|2|0|289
575|224|8|2022-03-31|2023-02-28|23|4|0|175
576|300|8|2022-04-01|2022-07-28|24|4|0|122
577|301|8|2022-02-21|2022-12-20|24|2|0|427
578|302|8|2022-12-08|2023-10-21|24|4|0|318
579|303|8|2022-02-15|2023-01-26|24|3|0|293
580|304|8|2022-12-03|2023-05-14|24|4|0|193
581|305|8|2022-04-11|2022-07-01|24|1|0|414
582|306|8|2024-01-14|2024-02-27|24|2|0|122
583|307|8|2022-01-02|2023-12-02|24|2|0|21
584|308|8|2023-12-08|2024-03-22|24|4|0|62
585|309|8|2023-02-11|2023-05-04|24|3|0|296
586|310|8|2022-12-25|2023-01-15|24|4|0|69
587|311|8|2024-01-26|2024-03-01|24|1|0|467
588|312|8|2022-06-25|2023-10-22|24|4|0|60
589|313|8|2023-10-09|2024-02-05|24|2|0|175
590|314|8|2023-12-11|2024-01-28|24|2|0|288
591|315|8|2023-12-08|2023-12-27|24|4|0|193
592|316|8|2022-08-10|2023-12-11|24|4|0|319
593|317|8|2022-02-12|2022-08-08|24|3|0|273
594|318|8|2024-01-19|2024-04-03|24|3|0|413
595|319|8|2022-05-17|2023-10-06|24|1|0|230
596|320|8|2022-04-07|2024-03-25|24|4|0|413
597|321|8|2023-06-03|2023-07-22|24|2|0|423
598|322|8|2023-12-06|2024-02-29|24|1|0|498
599|323|8|2022-05-25|2022-08-14|24|2|0|487
600|324|8|2022-06-06|2023-03-02|24|3|0|470
601|100|9|2022-09-20|2022-11-06|25|6|0|199
602|101|9|2023-06-27|2023-07-13|25|5|0|469
603|102|9|2023-12-16|2023-12-23|25|3|0|460
604|103|9|2022-09-23|2023-10-28|25|6|0|117
605|104|9|2022-10-18|2023-10-21|25|6|0|449
606|105|9|2022-05-12|2023-08-09|25|6|0|349
607|106|9|2023-01-25|2023-02-18|25|1|0|145
608|107|9|2023-08-27|2023-11-12|25|2|0|116
609|108|9|2023-03-07|2023-06-13|25|5|0|117
610|109|9|2022-11-05|2023-08-03|25|4|0|294
611|110|9|2022-05-19|2023-09-01|25|6|0|442
612|111|9|2022-12-23|2024-02-01|25|4|0|349
613|112|9|2024-01-19|2024-02-29|25|3|0|99
614|113|9|2024-03-04|2024-04-02|25|6|0|454
615|114|9|2023-09-28|2024-02-01|25|4|0|297
616|115|9|2023-02-08|2023-12-30|25|5|0|428
617|116|9|2022-08-28|2023-09-26|25|4|0|478
618|117|9|2023-06-25|2023-12-30|25|5|0|164
619|118|9|2023-03-03|2023-11-11|25|6|0|363
620|119|9|2023-01-05|2023-11-06|25|3|0|25
621|120|9|2023-04-10|2023-09-09|25|3|0|2
622|121|9|2022-10-11|2023-11-08|25|6|0|387
623|122|9|2024-02-09|2024-03-22|25|5|0|375
624|123|9|2023-01-25|2023-03-31|25|4|0|161
625|124|9|2023-05-27|2023-10-21|25|1|0|399
626|200|9|2023-05-03|2023-07-26|26|4|0|216
627|201|9|2022-08-13|2024-03-10|26|1|0|110
628|202|9|2022-12-30|2024-03-08|26|4|0|446
629|203|9|2022-09-26|2023-10-01|26|3|0|49
630|204|9|2023-12-24|2024-01-02|26|3|0|224
631|205|9|2022-01-09|2023-07-29|26|4|0|256
632|206|9|2022-03-06|2022-06-07|26|4|0|305
633|207|9|2022-09-30|2022-11-10|26|6|0|391
634|208|9|2022-04-18|2023-04-27|26|1|0|127
635|209|9|2024-01-02|2024-03-05|26|1|0|244
636|210|9|2022-07-06|2024-02-10|26|3|0|478
637|211|9|2022-10-01|2022-12-05|26|2|0|376
638|212|9|2023-03-16|2023-11-29|26|2|0|132
639|213|9|2022-01-11|2024-01-07|26|2|0|288
640|214|9|2022-04-01|2023-02-23|26|1|0|300
641|215|9|2023-11-11|2024-02-13|26|2|0|38
642|216|9|2022-01-25|2022-10-01|26|3|0|144
643|217|9|2023-05-06|2023-12-23|26|6|0|272
644|218|9|2022-02-05|2024-04-04|26|1|0|406
645|219|9|2023-01-18|2023-03-08|26|2|0|273
646|220|9|2022-07-26|2023-03-20|26|5|0|203
647|221|9|2022-09-23|2023-10-18|26|2|0|469
648|222|9|2022-12-02|2023-05-19|26|6|0|134
649|223|9|2024-01-01|2024-03-11|26|4|0|395
650|224|9|2022-03-01|2022-07-24|26|5|0|234
651|300|9|2022-03-03|2022-12-17|27|2|0|141
652|301|9|2022-11-12|2023-04-10|27|3|0|250
653|302|9|2022-07-18|2023-01-26|27|5|0|452
654|303|9|2022-05-09|2022-11-04|27|4|0|193
655|304|9|2023-12-07|2024-03-21|27|5|0|286
656|305|9|2022-11-03|2023-09-26|27|2|0|472
657|306|9|2023-12-10|2024-03-02|27|4|0|402
658|307|9|2022-05-18|2022-12-05|27|5|0|364
659|308|9|2022-01-01|2022-06-06|27|3|0|433
660|309|9|2023-06-25|2024-02-29|27|4|0|329
661|310|9|2022-07-17|2023-02-04|27|1|0|14
662|311|9|2022-10-04|2023-06-04|27|1|0|26
663|312|9|2023-08-07|2023-12-09|27|2|0|439
664|313|9|2022-11-30|2023-12-07|27|2|0|296
665|314|9|2022-06-07|2023-12-25|27|1|0|212
666|315|9|2024-01-20|2024-02-15|27|5|0|153
667|316|9|2023-10-28|2023-12-02|27|3|0|80
668|317|9|2022-02-13|2022-12-29|27|6|0|382
669|318|9|2022-06-16|2024-02-17|27|1|0|135
670|319|9|2023-05-03|2023-12-18|27|5|0|369
671|320|9|2022-07-01|2023-08-26|27|3|0|61
672|321|9|2023-10-20|2024-04-03|27|2|0|28
673|322|9|2023-12-25|2024-01-17|27|3|0|483
674|323|9|2022-05-30|2024-03-10|27|3|0|460
675|324|9|2022-06-03|2023-02-18|27|6|0|447
676|100|10|2023-09-01|2024-02-26|28|1|0|189
677|101|10|2022-05-08|2023-02-08|28|1|0|457
678|102|10|2023-04-22|2024-01-20|28|2|0|475
679|103|10|2023-11-20|2024-03-12|28|1|0|326
680|104|10|2023-07-09|2024-04-04|28|1|0|199
681|105|10|2023-01-09|2023-07-15|28|2|0|48
682|106|10|2023-10-25|2024-03-25|28|1|0|39
683|107|10|2022-10-20|2023-06-15|28|1|0|297
684|108|10|2023-09-12|2023-09-29|28|1|0|212
685|109|10|2023-04-06|2023-06-22|28|1|0|394
686|110|10|2022-12-22|2023-10-24|28|2|0|451
687|111|10|2022-08-12|2023-08-27|28|2|0|200
688|112|10|2023-03-03|2024-02-11|28|2|0|224
689|113|10|2022-01-27|2022-03-18|28|2|0|168
690|114|10|2023-11-23|2024-04-03|28|2|0|40
691|115|10|2022-02-02|2022-12-11|28|2|0|64
692|116|10|2024-03-14|2024-03-17|28|2|0|453
693|117|10|2024-02-15|2024-03-18|28|2|0|137
694|118|10|2022-12-11|2023-07-10|28|1|0|195
695|119|10|2023-02-03|2023-07-04|28|2|0|490
696|120|10|2022-06-29|2023-10-09|28|1|0|248
697|121|10|2023-11-11|2024-01-21|28|1|0|476
698|122|10|2022-04-09|2022-06-08|28|1|0|343
699|123|10|2022-04-17|2024-02-20|28|1|0|76
700|124|10|2023-02-22|2023-08-08|28|1|0|385
701|200|10|2022-04-30|2022-06-25|29|1|0|396
702|201|10|2023-05-24|2023-12-26|29|1|0|416
703|202|10|2022-04-20|2022-08-30|29|1|0|303
704|203|10|2023-03-10|2023-08-12|29|2|0|274
705|204|10|2023-10-13|2024-03-06|29|2|0|382
706|205|10|2024-02-07|2024-02-22|29|1|0|493
707|206|10|2024-01-02|2024-03-27|29|1|0|488
708|207|10|2023-09-11|2024-03-06|29|1|0|414
709|208|10|2023-05-17|2024-03-04|29|2|0|233
710|209|10|2023-08-26|2023-11-20|29|1|0|203
711|210|10|2023-06-29|2023-09-05|29|2|0|447
712|211|10|2023-10-24|2024-03-07|29|2|0|389
713|212|10|2023-08-01|2023-10-27|29|2|0|26
714|213|10|2023-09-04|2024-01-10|29|1|0|344
715|214|10|2022-09-20|2023-09-06|29|2|0|182
716|215|10|2022-09-18|2023-05-09|29|2|0|208
717|216|10|2023-03-29|2023-11-25|29|1|0|7
718|217|10|2022-01-08|2024-02-20|29|2|0|349
719|218|10|2023-08-24|2024-02-13|29|2|0|221
720|219|10|2023-06-07|2024-03-26|29|1|0|24
721|220|10|2023-06-17|2023-06-17|29|1|0|117
722|221|10|2023-10-19|2024-03-18|29|2|0|183
723|222|10|2024-03-11|2024-03-28|29|2|0|405
724|223|10|2023-11-13|2024-04-03|29|2|0|153
725|224|10|2022-04-28|2022-06-16|29|1|0|149
726|300|10|2023-03-11|2023-11-16|30|1|0|302
727|301|10|2022-01-31|2023-05-05|30|1|0|50
728|302|10|2022-08-11|2023-05-02|30|1|0|178
729|303|10|2023-12-07|2023-12-12|30|1|0|450
730|304|10|2024-01-25|2024-02-15|30|2|0|222
731|305|10|2023-07-15|2024-01-27|30|1|0|121
732|306|10|2022-05-17|2024-03-21|30|1|0|429
733|307|10|2023-05-08|2023-09-19|30|2|0|17
734|308|10|2022-02-18|2023-04-09|30|1|0|440
735|309|10|2022-04-18|2022-08-20|30|2|0|337
736|310|10|2022-11-08|2023-01-16|30|1|0|252
737|311|10|2023-11-26|2023-11-28|30|2|0|402
738|312|10|2023-03-24|2024-02-27|30|1|0|366
739|313|10|2023-06-12|2023-07-25|30|2|0|438
740|314|10|2022-02-26|2023-09-12|30|1|0|126
741|315|10|2022-02-16|2022-10-22|30|2|0|141
742|316|10|2023-09-10|2023-10-09|30|1|0|30
743|317|10|2023-06-04|2023-12-21|30|2|0|319
744|318|10|2023-03-02|2023-08-12|30|1|0|337
745|319|10|2022-12-02|2023-07-15|30|2|0|132
746|320|10|2023-08-22|2024-01-21|30|2|0|339
747|321|10|2022-11-03|2023-02-28|30|1|0|402
748|322|10|2023-02-16|2023-08-05|30|2|0|399
749|323|10|2024-03-07|2024-04-02|30|2|0|189
750|324|10|2022-03-23|2022-10-20|30|2|0|74
751|100|11|2022-03-26|2024-02-09|31|1|0|285
752|101|11|2023-06-27|2023-07-16|31|5|0|418
753|102|11|2022-06-15|2023-09-06|31|1|0|9
754|103|11|2022-02-24|2023-02-10|31|4|0|382
755|104|11|2023-08-14|2024-04-01|31|5|0|367
756|105|11|2023-05-19|2023-07-22|31|5|0|387
757|106|11|2023-11-30|2024-03-08|31|1|0|377
758|107|11|2022-07-19|2023-12-25|31|4|0|140
759|108|11|2024-03-08|2024-03-29|31|5|0|327
760|109|11|2022-12-06|2024-01-27|31|2|0|443
761|110|11|2023-10-24|2023-11-20|31|2|0|294
762|111|11|2023-04-18|2023-12-01|31|2|0|121
763|112|11|2023-11-15|2024-02-27|31|2|0|445
764|113|11|2024-03-06|2024-03-09|31|4|0|210
765|114|11|2022-11-26|2023-03-11|31|3|0|242
766|115|11|2023-08-12|2023-12-12|31|4|0|3
767|116|11|2022-05-14|2023-06-16|31|5|0|363
768|117|11|2022-06-07|2023-06-27|31|1|0|494
769|118|11|2022-11-07|2023-04-25|31|2|0|448
770|119|11|2024-02-19|2024-03-30|31|2|0|194
771|120|11|2022-08-19|2022-11-26|31|5|0|366
772|121|11|2022-02-04|2022-02-21|31|4|0|30
773|122|11|2022-10-25|2022-11-26|31|3|0|152
774|123|11|2024-02-17|2024-03-14|31|4|0|28
775|124|11|2023-06-25|2023-08-09|31|4|0|232
776|200|11|2023-08-12|2024-02-07|32|1|0|301
777|201|11|2022-11-19|2023-05-25|32|1|0|255
778|202|11|2023-02-08|2023-04-22|32|1|0|294
779|203|11|2023-10-24|2024-03-13|32|5|0|350
780|204|11|2022-02-26|2022-06-01|32|5|0|53
781|205|11|2023-03-01|2024-03-24|32|1|0|290
782|206|11|2024-03-26|2024-04-03|32|2|0|108
783|207|11|2022-09-24|2023-12-08|32|1|0|322
784|208|11|2023-09-03|2023-12-24|32|1|0|169
785|209|11|2023-09-23|2024-01-31|32|2|0|407
786|210|11|2022-04-18|2022-12-18|32|4|0|245
787|211|11|2023-03-02|2023-10-02|32|5|0|224
788|212|11|2022-08-24|2023-04-09|32|3|0|43
789|213|11|2023-04-05|2024-02-06|32|5|0|81
790|214|11|2023-09-08|2023-11-24|32|5|0|335
791|215|11|2023-08-24|2023-10-02|32|1|0|497
792|216|11|2023-02-02|2024-03-23|32|5|0|80
793|217|11|2023-07-26|2024-02-18|32|3|0|257
794|218|11|2022-03-23|2023-11-09|32|2|0|127
795|219|11|2022-11-29|2022-12-24|32|5|0|40
796|220|11|2022-06-26|2023-07-29|32|2|0|245
797|221|11|2024-02-02|2024-03-12|32|1|0|465
798|222|11|2024-02-24|2024-03-06|32|4|0|143
799|223|11|2023-10-18|2023-12-08|32|2|0|177
800|224|11|2022-07-26|2024-01-04|32|3|0|468
801|300|11|2024-03-18|2024-04-01|33|2|0|229
802|301|11|2023-05-29|2023-07-27|33|1|0|37
803|302|11|2023-12-17|2024-01-18|33|4|0|31
804|303|11|2023-10-30|2024-02-02|33|4|0|387
805|304|11|2023-11-29|2024-03-22|33|3|0|41
806|305|11|2023-10-03|2023-10-21|33|4|0|161
807|306|11|2024-01-05|2024-03-26|33|3|0|33
808|307|11|2023-01-12|2024-03-11|33|4|0|261
809|308|11|2023-07-22|2023-12-24|33|5|0|122
810|309|11|2023-06-17|2023-07-18|33|5|0|143
811|310|11|2023-02-28|2023-07-20|33|1|0|470
812|311|11|2024-02-26|2024-04-05|33|5|0|294
813|312|11|2023-10-31|2023-11-26|33|2|0|220
814|313|11|2023-04-05|2024-03-14|33|5|0|475
815|314|11|2022-10-21|2023-08-22|33|1|0|278
816|315|11|2023-02-07|2023-07-07|33|5|0|450
817|316|11|2022-01-09|2023-02-11|33|5|0|121
818|317|11|2023-07-28|2024-03-19|33|1|0|212
819|318|11|2024-03-17|2024-03-26|33|3|0|275
820|319|11|2022-02-05|2023-03-24|33|3|0|493
821|320|11|2023-11-16|2023-11-22|33|4|0|167
822|321|11|2023-10-13|2024-03-03|33|3|0|114
823|322|11|2023-08-16|2023-11-30|33|5|0|9
824|323|11|2023-05-02|2023-06-13|33|3|0|111
825|324|11|2023-03-31|2023-05-28|33|1|0|391
826|100|12|2023-02-10|2023-05-21|34|2|0|141
827|101|12|2023-07-15|2023-10-20|34|1|0|81
828|102|12|2023-01-24|2023-05-28|34|1|0|444
829|103|12|2022-04-23|2022-07-08|34|1|0|467
830|104|12|2023-01-31|2023-04-01|34|2|0|498
831|105|12|2022-01-20|2022-06-27|34|1|0|61
832|106|12|2024-01-06|2024-04-04|34|2|0|330
833|107|12|2022-04-20|2024-03-10|34|1|0|453
834|108|12|2022-04-14|2024-01-06|34|2|0|90
835|109|12|2022-02-10|2022-04-03|34|1|0|80
836|110|12|2022-07-14|2023-04-24|34|2|0|185
837|111|12|2024-01-02|2024-03-24|34|1|0|93
838|112|12|2023-05-05|2024-03-14|34|2|0|39
839|113|12|2022-01-14|2024-01-18|34|2|0|275
840|114|12|2022-02-25|2022-10-09|34|1|0|441
841|115|12|2023-08-31|2024-02-21|34|1|0|387
842|116|12|2022-07-13|2022-11-09|34|1|0|492
843|117|12|2022-01-14|2024-02-12|34|1|0|407
844|118|12|2022-09-17|2024-04-05|34|1|0|465
845|119|12|2022-10-26|2024-03-01|34|1|0|337
846|120|12|2022-12-08|2023-01-27|34|1|0|398
847|121|12|2024-03-12|2024-03-13|34|1|0|94
848|122|12|2022-06-25|2023-09-17|34|1|0|260
849|123|12|2023-12-17|2024-03-01|34|2|0|268
850|124|12|2022-11-12|2023-12-30|34|2|0|489
851|200|12|2022-11-11|2022-11-12|35|2|0|21
852|201|12|2024-03-22|2024-03-27|35|2|0|70
853|202|12|2022-03-24|2023-03-18|35|2|0|362
854|203|12|2023-03-23|2023-10-01|35|1|0|415
855|204|12|2023-12-21|2024-01-07|35|1|0|421
856|205|12|2022-06-02|2023-02-19|35|1|0|67
857|206|12|2023-03-15|2023-04-17|35|1|0|354
858|207|12|2023-07-24|2024-03-02|35|1|0|98
859|208|12|2022-07-27|2023-06-01|35|1|0|375
860|209|12|2022-08-20|2023-02-07|35|1|0|182
861|210|12|2022-04-25|2024-02-18|35|1|0|420
862|211|12|2024-01-30|2024-03-17|35|2|0|484
863|212|12|2023-09-08|2024-02-07|35|2|0|113
864|213|12|2023-11-22|2024-01-24|35|2|0|398
865|214|12|2022-06-17|2023-12-29|35|2|0|34
866|215|12|2023-03-13|2023-09-11|35|1|0|204
867|216|12|2023-04-22|2024-01-16|35|1|0|363
868|217|12|2023-09-04|2024-03-17|35|2|0|155
869|218|12|2022-07-24|2023-09-08|35|1|0|27
870|219|12|2023-05-22|2024-03-03|35|2|0|211
871|220|12|2022-10-19|2024-03-05|35|2|0|361
872|221|12|2023-01-24|2024-03-28|35|1|0|496
873|222|12|2024-02-29|2024-03-03|35|1|0|176
874|223|12|2023-08-07|2023-11-20|35|1|0|135
875|224|12|2022-07-27|2024-04-07|35|1|0|322
876|300|12|2022-01-31|2022-10-07|36|2|0|313
877|301|12|2023-04-20|2023-10-18|36|2|0|471
878|302|12|2022-10-10|2024-01-31|36|1|0|431
879|303|12|2023-07-13|2023-09-04|36|2|0|69
880|304|12|2022-12-19|2023-10-09|36|1|0|38
881|305|12|2022-03-30|2024-01-22|36|2|0|456
882|306|12|2023-01-25|2023-11-03|36|2|0|142
883|307|12|2023-07-08|2024-04-04|36|1|0|303
884|308|12|2023-03-03|2023-10-13|36|2|0|323
885|309|12|2022-11-09|2023-08-27|36|2|0|473
886|310|12|2022-05-16|2022-07-15|36|2|0|266
887|311|12|2022-11-03|2023-07-04|36|2|0|135
888|312|12|2024-01-10|2024-03-15|36|2|0|243
889|313|12|2022-12-09|2023-10-11|36|1|0|474
890|314|12|2023-11-03|2024-02-03|36|2|0|491
891|315|12|2023-12-28|2024-02-28|36|2|0|346
892|316|12|2023-05-06|2024-02-26|36|2|0|232
893|317|12|2023-10-05|2023-12-05|36|2|0|485
894|318|12|2022-06-21|2023-12-02|36|1|0|71
895|319|12|2022-06-07|2023-12-21|36|2|0|471
896|320|12|2022-12-18|2023-04-10|36|1|0|362
897|321|12|2022-09-21|2023-05-27|36|1|0|406
898|322|12|2022-01-27|2022-05-27|36|1|0|54
899|323|12|2023-06-06|2023-06-13|36|1|0|156
900|324|12|2023-08-13|2023-12-20|36|1|0|288
901|100|13|2023-08-09|2023-10-19|37|3|0|118
902|101|13|2023-11-02|2024-01-17|37|3|0|17
903|102|13|2023-05-18|2023-10-03|37|4|0|374
904|103|13|2023-11-22|2023-12-08|37|1|0|11
905|104|13|2023-10-07|2024-01-21|37|2|0|160
906|105|13|2023-02-27|2023-07-18|37|3|0|237
907|106|13|2023-09-18|2023-11-02|37|1|0|434
908|107|13|2023-11-08|2023-12-01|37|2|0|444
909|108|13|2023-04-20|2024-03-08|37|4|0|187
910|109|13|2022-09-21|2022-10-27|37|3|0|238
911|110|13|2023-04-11|2023-05-22|37|4|0|72
912|111|13|2023-03-31|2023-11-08|37|4|0|133
913|112|13|2022-11-15|2023-01-10|37|3|0|176
914|113|13|2023-08-28|2023-10-10|37|3|0|343
915|114|13|2023-08-29|2024-03-23|37|3|0|24
916|115|13|2023-03-03|2023-10-22|37|3|0|310
917|116|13|2023-10-18|2024-01-17|37|4|0|0
918|117|13|2023-10-30|2023-12-22|37|2|0|60
919|118|13|2022-10-29|2023-04-29|37|3|0|468
920|119|13|2023-05-30|2024-03-04|37|4|0|323
921|120|13|2022-10-22|2022-11-10|37|4|0|250
922|121|13|2023-12-22|2024-01-06|37|2|0|304
923|122|13|2022-05-14|2023-04-20|37|3|0|204
924|123|13|2023-02-19|2023-10-18|37|1|0|99
925|124|13|2023-05-14|2023-06-30|37|1|0|119
926|200|13|2022-03-25|2023-01-08|38|3|0|437
927|201|13|2024-03-30|2024-04-03|38|4|0|483
928|202|13|2024-02-29|2024-04-01|38|3|0|176
929|203|13|2024-02-28|2024-03-05|38|4|0|235
930|204|13|2023-08-20|2024-02-10|38|1|0|110
931|205|13|2023-08-09|2024-01-02|38|3|0|233
932|206|13|2022-10-22|2024-03-18|38|2|0|239
933|207|13|2022-05-13|2022-05-23|38|2|0|419
934|208|13|2024-02-27|2024-03-07|38|3|0|471
935|209|13|2023-03-22|2023-10-04|38|2|0|87
936|210|13|2023-01-30|2023-07-11|38|3|0|448
937|211|13|2024-01-26|2024-02-11|38|3|0|334
938|212|13|2022-10-05|2023-10-21|38|3|0|481
939|213|13|2022-09-10|2023-11-16|38|3|0|121
940|214|13|2023-07-23|2023-08-17|38|2|0|50
941|215|13|2023-04-06|2023-09-02|38|4|0|168
942|216|13|2024-03-16|2024-03-29|38|1|0|96
943|217|13|2022-05-16|2024-01-10|38|3|0|489
944|218|13|2023-08-29|2024-02-23|38|1|0|93
945|219|13|2022-12-24|2024-02-27|38|4|0|349
946|220|13|2022-03-26|2022-06-29|38|2|0|427
947|221|13|2024-01-27|2024-03-05|38|1|0|293
948|222|13|2023-08-14|2023-10-27|38|3|0|419
949|223|13|2022-01-17|2024-02-05|38|3|0|87
950|224|13|2023-08-22|2024-03-21|38|1|0|414
951|300|13|2023-09-22|2024-01-15|39|1|0|113
952|301|13|2023-09-01|2023-11-30|39|1|0|206
953|302|13|2022-03-09|2024-02-23|39|1|0|198
954|303|13|2023-04-04|2023-10-13|39|4|0|162
955|304|13|2022-02-07|2023-06-27|39|2|0|321
956|305|13|2022-07-04|2022-08-26|39|3|0|108
957|306|13|2023-10-26|2024-03-22|39|3|0|106
958|307|13|2022-04-10|2023-10-15|39|3|0|398
959|308|13|2022-08-22|2023-03-05|39|4|0|19
960|309|13|2022-10-07|2023-08-02|39|4|0|240
961|310|13|2023-04-08|2023-04-29|39|2|0|19
962|311|13|2022-09-02|2023-08-23|39|2|0|100
963|312|13|2022-07-07|2023-09-18|39|1|0|255
964|313|13|2023-06-06|2023-12-27|39|1|0|155
965|314|13|2023-10-11|2024-02-28|39|3|0|379
966|315|13|2022-05-27|2023-12-15|39|3|0|409
967|316|13|2023-10-05|2024-03-11|39|4|0|151
968|317|13|2022-12-04|2023-08-01|39|2|0|444
969|318|13|2023-07-10|2023-09-16|39|2|0|146
970|319|13|2022-10-10|2023-03-18|39|1|0|65
971|320|13|2022-05-14|2022-12-20|39|2|0|251
972|321|13|2024-01-02|2024-02-02|39|3|0|128
973|322|13|2022-08-24|2023-05-01|39|2|0|150
974|323|13|2022-10-16|2023-06-27|39|2|0|400
975|324|13|2022-02-11|2022-10-11|39|4|0|283
976|100|14|2023-12-01|2023-12-30|40|6|0|146
977|101|14|2023-06-17|2024-02-15|40|4|0|218
978|102|14|2022-12-10|2023-04-30|40|6|0|331
979|103|14|2022-11-24|2023-03-20|40|6|0|382
980|104|14|2022-05-18|2022-10-07|40|1|0|159
981|105|14|2023-12-07|2024-01-24|40|4|0|193
982|106|14|2022-07-19|2023-10-03|40|3|0|313
983|107|14|2022-02-14|2022-08-30|40|2|0|374
984|108|14|2024-01-12|2024-02-22|40|4|0|193
985|109|14|2022-02-13|2022-12-15|40|3|0|174
986|110|14|2022-04-21|2023-04-18|40|6|0|332
987|111|14|2023-09-13|2024-02-03|40|6|0|138
988|112|14|2022-07-22|2023-05-09|40|3|0|266
989|113|14|2023-07-04|2024-02-28|40|4|0|447
990|114|14|2024-02-06|2024-03-05|40|4|0|168
991|115|14|2023-10-26|2023-12-19|40|2|0|42
992|116|14|2022-09-06|2023-08-08|40|1|0|60
993|117|14|2023-11-11|2024-02-06|40|3|0|436
994|118|14|2022-12-31|2023-04-27|40|1|0|375
995|119|14|2022-03-15|2024-01-31|40|5|0|115
996|120|14|2023-09-24|2024-01-14|40|2|0|250
997|121|14|2022-03-20|2023-10-14|40|1|0|339
998|122|14|2022-01-21|2022-12-12|40|4|0|110
999|123|14|2022-03-03|2023-08-22|40|2|0|84
1000|124|14|2023-12-31|2024-03-10|40|6|0|357
1001|200|14|2023-08-21|2023-10-02|41|3|0|321
1002|201|14|2024-02-11|2024-03-12|41|4|0|330
1003|202|14|2022-08-23|2022-09-13|41|4|0|497
1004|203|14|2024-03-19|2024-03-22|41|5|0|219
1005|204|14|2023-12-19|2024-03-19|41|4|0|133
1006|205|14|2023-05-08|2024-01-05|41|5|0|499
1007|206|14|2022-08-05|2023-06-07|41|4|0|164
1008|207|14|2022-11-19|2023-06-04|41|3|0|362
1009|208|14|2022-12-28|2023-02-15|41|1|0|346
1010|209|14|2022-09-25|2024-01-14|41|1|0|287
1011|210|14|2023-08-10|2024-02-09|41|6|0|252
1012|211|14|2023-04-21|2023-08-30|41|4|0|72
1013|212|14|2024-03-21|2024-03-23|41|5|0|58
1014|213|14|2022-01-23|2023-08-22|41|6|0|448
1015|214|14|2022-06-13|2023-09-08|41|6|0|154
1016|215|14|2022-03-19|2022-11-26|41|4|0|345
1017|216|14|2024-03-17|2024-03-21|41|5|0|157
1018|217|14|2024-03-18|2024-03-19|41|5|0|251
1019|218|14|2022-03-06|2023-08-06|41|1|0|465
1020|219|14|2023-12-31|2024-03-16|41|3|0|439
1021|220|14|2022-04-29|2022-05-03|41|4|0|401
1022|221|14|2022-03-07|2024-01-31|41|2|0|186
1023|222|14|2022-03-19|2023-07-06|41|3|0|355
1024|223|14|2022-08-09|2024-01-25|41|3|0|380
1025|224|14|2023-05-12|2024-03-19|41|5|0|50
1026|300|14|2022-11-24|2023-01-30|42|6|0|136
1027|301|14|2022-03-09|2022-09-20|42|1|0|303
1028|302|14|2023-04-19|2023-11-08|42|5|0|478
1029|303|14|2022-01-27|2023-04-30|42|2|0|479
1030|304|14|2024-03-30|2024-04-03|42|5|0|356
1031|305|14|2022-11-04|2024-01-12|42|6|0|452
1032|306|14|2023-10-23|2023-12-05|42|1|0|0
1033|307|14|2022-01-11|2022-01-15|42|6|0|94
1034|308|14|2022-10-23|2023-11-23|42|3|0|332
1035|309|14|2023-02-16|2023-05-22|42|3|0|161
1036|310|14|2023-01-23|2023-11-11|42|6|0|227
1037|311|14|2022-08-17|2023-12-22|42|4|0|115
1038|312|14|2023-11-04|2023-11-11|42|1|0|150
1039|313|14|2023-11-17|2023-11-26|42|3|0|142
1040|314|14|2022-09-24|2022-12-25|42|2|0|131
1041|315|14|2022-02-24|2022-04-04|42|1|0|57
1042|316|14|2022-06-25|2023-08-18|42|3|0|20
1043|317|14|2023-01-27|2023-09-13|42|5|0|155
1044|318|14|2022-05-10|2023-05-31|42|3|0|291
1045|319|14|2022-05-01|2023-02-11|42|5|0|331
1046|320|14|2023-08-11|2023-09-01|42|2|0|242
1047|321|14|2023-06-08|2023-08-18|42|5|0|385
1048|322|14|2023-05-27|2024-04-03|42|1|0|213
1049|323|14|2022-12-08|2023-05-19|42|3|0|69
1050|324|14|2023-02-17|2023-07-25|42|5|0|115
1051|100|15|2023-10-24|2024-01-13|43|1|0|170
1052|101|15|2024-02-07|2024-02-09|43|3|0|428
1053|102|15|2022-08-28|2023-08-19|43|4|0|428
1054|103|15|2022-09-20|2023-08-27|43|3|0|422
1055|104|15|2022-03-13|2023-09-06|43|2|0|254
1056|105|15|2023-06-13|2023-10-12|43|1|0|490
1057|106|15|2023-10-07|2024-03-07|43|3|0|20
1058|107|15|2023-07-13|2023-11-08|43|3|0|457
1059|108|15|2023-12-29|2024-03-01|43|2|0|219
1060|109|15|2023-07-03|2023-10-26|43|1|0|359
1061|110|15|2023-10-10|2023-11-13|43|4|0|455
1062|111|15|2022-12-17|2023-05-21|43|4|0|497
1063|112|15|2022-04-14|2022-07-03|43|1|0|378
1064|113|15|2023-09-09|2024-02-15|43|2|0|457
1065|114|15|2022-08-07|2023-06-30|43|1|0|74
1066|115|15|2023-10-28|2024-04-01|43|3|0|208
1067|116|15|2022-07-21|2023-01-14|43|4|0|311
1068|117|15|2022-10-13|2024-03-06|43|3|0|47
1069|118|15|2023-06-09|2023-07-01|43|2|0|134
1070|119|15|2024-01-05|2024-04-05|43|3|0|205
1071|120|15|2023-12-16|2024-03-31|43|1|0|170
1072|121|15|2022-09-06|2022-11-29|43|1|0|143
1073|122|15|2023-09-30|2024-01-26|43|1|0|181
1074|123|15|2022-07-24|2023-03-02|43|3|0|80
1075|124|15|2022-09-21|2022-11-19|43|2|0|31
1076|200|15|2023-12-15|2024-01-13|44|1|0|251
1077|201|15|2022-04-25|2022-11-24|44|3|0|405
1078|202|15|2023-05-04|2023-05-27|44|1|0|69
1079|203|15|2022-07-05|2023-05-15|44|3|0|422
1080|204|15|2022-04-15|2022-07-22|44|4|0|231
1081|205|15|2024-01-03|2024-01-22|44|1|0|324
1082|206|15|2023-08-08|2023-10-17|44|2|0|449
1083|207|15|2022-08-29|2022-11-03|44|1|0|381
1084|208|15|2022-03-18|2024-02-12|44|1|0|320
1085|209|15|2022-01-10|2023-11-04|44|2|0|75
1086|210|15|2023-11-25|2024-02-11|44|2|0|369
1087|211|15|2023-05-21|2023-11-14|44|1|0|75
1088|212|15|2022-05-14|2023-01-29|44|2|0|294
1089|213|15|2022-10-31|2023-01-13|44|1|0|27
1090|214|15|2022-01-19|2022-06-03|44|4|0|272
1091|215|15|2023-11-25|2024-02-16|44|3|0|327
1092|216|15|2024-02-28|2024-03-15|44|1|0|349
1093|217|15|2023-07-24|2023-10-15|44|2|0|256
1094|218|15|2022-02-14|2022-08-27|44|4|0|186
1095|219|15|2023-12-03|2024-04-06|44|1|0|260
1096|220|15|2022-02-20|2023-12-27|44|3|0|298
1097|221|15|2024-03-25|2024-03-27|44|4|0|30
1098|222|15|2022-08-27|2023-02-21|44|1|0|267
1099|223|15|2023-05-20|2023-08-04|44|4|0|140
1100|224|15|2023-08-08|2023-10-02|44|2|0|312
1101|300|15|2023-03-13|2024-03-10|45|4|0|437
1102|301|15|2023-08-19|2024-01-31|45|3|0|297
1103|302|15|2022-12-01|2023-06-17|45|3|0|213
1104|303|15|2022-03-24|2022-06-19|45|2|0|494
1105|304|15|2023-11-18|2023-12-26|45|2|0|467
1106|305|15|2022-09-23|2023-04-21|45|2|0|143
1107|306|15|2022-10-27|2023-06-22|45|1|0|76
1108|307|15|2023-11-18|2024-01-28|45|4|0|179
1109|308|15|2023-06-18|2024-03-31|45|4|0|76
1110|309|15|2023-02-23|2023-10-07|45|4|0|134
1111|310|15|2023-07-19|2023-11-04|45|3|0|318
1112|311|15|2022-09-23|2023-07-26|45|2|0|307
1113|312|15|2023-01-17|2023-08-02|45|2|0|19
1114|313|15|2023-04-13|2023-10-20|45|1|0|378
1115|314|15|2024-01-24|2024-01-24|45|3|0|393
1116|315|15|2023-03-05|2023-09-17|45|3|0|92
1117|316|15|2024-02-06|2024-04-02|45|2|0|345
1118|317|15|2022-01-04|2022-11-19|45|2|0|460
1119|318|15|2022-12-26|2023-01-18|45|3|0|294
1120|319|15|2022-03-12|2022-09-13|45|3|0|443
1121|320|15|2022-11-08|2023-06-28|45|4|0|439
1122|321|15|2022-07-24|2023-04-15|45|2|0|351
1123|322|15|2023-08-20|2024-01-28|45|2|0|449
1124|323|15|2022-10-25|2022-11-12|45|3|0|82
1125|324|15|2022-01-06|2022-08-05|45|2|0|97
1126|100|16|2023-11-08|2024-03-18|46|2|0|2
1127|101|16|2023-02-21|2023-12-24|46|3|0|340
1128|102|16|2022-12-10|2024-01-17|46|4|0|48
1129|103|16|2023-11-28|2024-03-28|46|3|0|366
1130|104|16|2022-03-09|2023-07-08|46|3|0|362
1131|105|16|2022-08-10|2023-12-14|46|3|0|79
1132|106|16|2023-12-17|2024-02-11|46|2|0|375
1133|107|16|2022-12-13|2023-09-30|46|2|0|396
1134|108|16|2022-02-10|2022-03-17|46|3|0|67
1135|109|16|2023-05-26|2023-09-06|46|4|0|6
1136|110|16|2023-08-25|2024-02-14|46|2|0|394
1137|111|16|2022-12-11|2022-12-28|46|2|0|449
1138|112|16|2022-09-22|2023-11-08|46|2|0|97
1139|113|16|2023-12-11|2024-01-11|46|2|0|78
1140|114|16|2022-03-19|2023-01-19|46|4|0|262
1141|115|16|2023-02-24|2023-08-19|46|1|0|213
1142|116|16|2022-07-12|2023-05-02|46|3|0|442
1143|117|16|2022-09-09|2024-03-04|46|2|0|451
1144|118|16|2023-08-13|2024-02-08|46|2|0|346
1145|119|16|2022-08-18|2023-12-27|46|2|0|146
1146|120|16|2022-03-19|2023-11-10|46|2|0|252
1147|121|16|2022-05-24|2023-01-22|46|4|0|33
1148|122|16|2022-10-31|2023-01-14|46|4|0|355
1149|123|16|2022-06-14|2023-09-16|46|2|0|258
1150|124|16|2023-01-06|2023-08-18|46|1|0|394
1151|200|16|2022-07-20|2023-10-23|47|1|0|341
1152|201|16|2023-12-15|2024-03-03|47|1|0|357
1153|202|16|2022-06-23|2023-11-02|47|3|0|19
1154|203|16|2023-05-13|2024-01-23|47|2|0|188
1155|204|16|2024-03-06|2024-03-18|47|4|0|174
1156|205|16|2022-01-19|2024-02-29|47|2|0|244
1157|206|16|2022-09-02|2023-07-01|47|4|0|169
1158|207|16|2023-09-04|2024-04-03|47|1|0|422
1159|208|16|2022-09-25|2023-07-12|47|1|0|279
1160|209|16|2023-02-06|2023-03-01|47|4|0|400
1161|210|16|2022-05-11|2023-07-07|47|3|0|313
1162|211|16|2024-03-15|2024-03-23|47|2|0|270
1163|212|16|2022-05-31|2024-03-22|47|3|0|5
1164|213|16|2022-09-10|2023-04-18|47|1|0|427
1165|214|16|2024-02-03|2024-03-11|47|1|0|221
1166|215|16|2023-03-29|2023-12-18|47|1|0|422
1167|216|16|2022-10-29|2023-11-28|47|2|0|34
1168|217|16|2022-10-10|2023-11-16|47|3|0|41
1169|218|16|2022-06-04|2024-03-17|47|1|0|229
1170|219|16|2023-11-25|2024-02-01|47|2|0|203
1171|220|16|2023-12-18|2024-02-21|47|2|0|198
1172|221|16|2024-02-12|2024-03-01|47|2|0|348
1173|222|16|2022-03-09|2023-05-30|47|3|0|356
1174|223|16|2022-06-18|2023-08-19|47|2|0|43
1175|224|16|2023-06-03|2023-12-16|47|2|0|256
1176|300|16|2022-03-12|2023-08-20|48|4|0|72
1177|301|16|2023-07-16|2023-09-03|48|4|0|489
1178|302|16|2023-08-15|2023-12-12|48|3|0|81
1179|303|16|2022-08-03|2023-10-06|48|4|0|204
1180|304|16|2022-12-13|2023-01-14|48|4|0|435
1181|305|16|2023-10-10|2024-02-16|48|2|0|459
1182|306|16|2022-06-11|2022-10-19|48|4|0|241
1183|307|16|2023-03-08|2023-07-28|48|2|0|291
1184|308|16|2022-01-14|2024-04-07|48|2|0|435
1185|309|16|2022-07-01|2023-10-08|48|3|0|469
1186|310|16|2022-09-15|2022-11-10|48|3|0|192
1187|311|16|2022-06-14|2022-07-30|48|2|0|435
1188|312|16|2022-03-01|2022-10-07|48|3|0|363
1189|313|16|2023-01-03|2023-05-17|48|3|0|159
1190|314|16|2023-04-25|2023-07-18|48|1|0|297
1191|315|16|2023-03-30|2024-02-09|48|4|0|113
1192|316|16|2024-01-23|2024-03-02|48|3|0|338
1193|317|16|2022-05-12|2024-02-10|48|3|0|284
1194|318|16|2022-03-23|2024-01-21|48|1|0|410
1195|319|16|2023-07-09|2023-07-10|48|4|0|9
1196|320|16|2022-12-31|2023-02-19|48|3|0|178
1197|321|16|2023-10-22|2024-04-04|48|1|0|468
1198|322|16|2024-01-29|2024-02-22|48|3|0|307
1199|323|16|2022-02-23|2023-05-12|48|4|0|121
1200|324|16|2022-08-04|2023-01-21|48|4|0|20
1201|100|17|2024-01-11|2024-01-16|49|2|0|281
1202|101|17|2024-01-02|2024-01-30|49|1|0|492
1203|102|17|2022-06-17|2023-01-30|49|1|0|45
1204|103|17|2023-07-26|2024-01-10|49|1|0|215
1205|104|17|2023-10-26|2023-12-25|49|1|0|493
1206|105|17|2022-08-15|2023-12-08|49|1|0|367
1207|106|17|2023-05-25|2023-09-27|49|1|0|453
1208|107|17|2022-02-28|2022-10-29|49|2|0|498
1209|108|17|2023-01-15|2023-06-26|49|1|0|403
1210|109|17|2022-09-08|2024-02-14|49|2|0|339
1211|110|17|2023-12-31|2024-01-01|49|1|0|209
1212|111|17|2022-03-27|2023-11-21|49|2|0|30
1213|112|17|2023-11-17|2023-11-26|49|1|0|148
1214|113|17|2022-08-26|2023-02-16|49|1|0|151
1215|114|17|2023-05-20|2023-11-12|49|2|0|328
1216|115|17|2023-02-25|2023-07-06|49|1|0|304
1217|116|17|2024-01-08|2024-03-08|49|2|0|190
1218|117|17|2023-09-07|2023-12-08|49|1|0|264
1219|118|17|2022-07-24|2024-01-17|49|1|0|108
1220|119|17|2022-05-23|2024-03-23|49|1|0|273
1221|120|17|2023-12-25|2024-02-04|49|2|0|404
1222|121|17|2022-04-20|2024-01-21|49|2|0|407
1223|122|17|2023-09-08|2023-11-22|49|1|0|246
1224|123|17|2024-02-15|2024-03-19|49|1|0|221
1225|124|17|2023-03-02|2023-06-17|49|1|0|277
1226|200|17|2023-06-12|2023-08-20|50|2|0|313
1227|201|17|2022-09-11|2023-10-24|50|1|0|115
1228|202|17|2022-01-31|2022-06-13|50|1|0|285
1229|203|17|2024-03-04|2024-04-02|50|2|0|141
1230|204|17|2022-07-23|2023-09-08|50|1|0|363
1231|205|17|2022-01-14|2022-12-13|50|2|0|490
1232|206|17|2022-06-02|2024-01-03|50|2|0|258
1233|207|17|2022-05-17|2023-04-11|50|2|0|89
1234|208|17|2023-09-26|2024-02-15|50|1|0|347
1235|209|17|2023-04-26|2023-05-19|50|1|0|61
1236|210|17|2022-05-23|2022-10-25|50|1|0|242
1237|211|17|2023-08-10|2023-10-21|50|2|0|118
1238|212|17|2024-02-11|2024-02-13|50|2|0|476
1239|213|17|2024-03-01|2024-03-04|50|1|0|118
1240|214|17|2023-09-05|2024-01-04|50|1|0|435
1241|215|17|2022-01-18|2022-12-16|50|1|0|184
1242|216|17|2022-09-25|2023-10-13|50|2|0|8
1243|217|17|2023-06-20|2023-10-09|50|2|0|454
1244|218|17|2022-02-01|2023-11-21|50|1|0|218
1245|219|17|2023-02-18|2023-03-28|50|1|0|411
1246|220|17|2022-01-08|2022-11-01|50|2|0|89
1247|221|17|2022-07-21|2023-08-31|50|1|0|388
1248|222|17|2022-07-16|2023-11-04|50|1|0|492
1249|223|17|2023-05-17|2023-10-22|50|1|0|273
1250|224|17|2023-12-24|2024-01-29|50|2|0|13
1251|300|17|2023-11-25|2024-01-07|51|1|0|322
1252|301|17|2022-08-18|2023-04-14|51|2|0|480
1253|302|17|2022-12-13|2023-05-13|51|2|0|220
1254|303|17|2023-05-01|2023-12-15|51|2|0|132
1255|304|17|2023-10-05|2024-02-07|51|1|0|158
1256|305|17|2023-07-04|2023-11-09|51|1|0|307
1257|306|17|2023-02-15|2023-08-23|51|1|0|83
1258|307|17|2022-08-21|2022-11-13|51|2|0|382
1259|308|17|2023-05-31|2024-03-20|51|1|0|255
1260|309|17|2023-03-08|2024-03-27|51|2|0|347
1261|310|17|2022-03-08|2023-07-30|51|1|0|20
1262|311|17|2023-04-03|2023-04-09|51|2|0|375
1263|312|17|2022-10-07|2023-04-13|51|1|0|170
1264|313|17|2022-12-03|2023-09-16|51|1|0|159
1265|314|17|2022-12-14|2023-03-10|51|1|0|43
1266|315|17|2022-04-06|2023-02-17|51|2|0|495
1267|316|17|2024-03-26|2024-03-29|51|1|0|417
1268|317|17|2022-10-07|2023-07-03|51|2|0|303
1269|318|17|2024-01-24|2024-02-13|51|2|0|288
1270|319|17|2023-08-21|2024-01-12|51|1|0|108
1271|320|17|2023-06-01|2023-12-06|51|2|0|196
1272|321|17|2023-11-24|2023-12-09|51|2|0|87
1273|322|17|2022-05-08|2023-03-23|51|2|0|245
1274|323|17|2022-06-25|2023-07-18|51|2|0|348
1275|324|17|2022-07-19|2023-02-17|51|1|0|3
1276|100|18|2022-08-15|2023-12-18|52|6|0|39
1277|101|18|2022-10-23|2024-01-19|52|1|0|413
1278|102|18|2022-09-19|2022-10-12|52|5|0|385
1279|103|18|2023-02-06|2024-01-09|52|3|0|67
1280|104|18|2023-09-29|2024-03-30|52|2|0|34
1281|105|18|2023-09-14|2023-11-02|52|6|0|227
1282|106|18|2022-07-23|2023-10-31|52|6|0|120
1283|107|18|2023-05-05|2024-02-16|52|6|0|276
1284|108|18|2023-12-03|2023-12-06|52|5|0|433
1285|109|18|2024-02-19|2024-02-29|52|3|0|36
1286|110|18|2022-11-15|2023-02-28|52|6|0|288
1287|111|18|2024-03-06|2024-03-12|52|2|0|197
1288|112|18|2022-05-09|2023-07-05|52|1|0|227
1289|113|18|2023-02-11|2023-11-01|52|4|0|488
1290|114|18|2023-10-28|2024-02-07|52|3|0|412
1291|115|18|2022-03-31|2022-12-26|52|4|0|98
1292|116|18|2023-12-26|2024-03-08|52|1|0|128
1293|117|18|2022-06-18|2023-10-05|52|5|0|305
1294|118|18|2022-12-15|2023-07-09|52|4|0|374
1295|119|18|2022-01-20|2023-06-11|52|2|0|232
1296|120|18|2023-08-02|2023-09-17|52|3|0|230
1297|121|18|2023-10-11|2023-10-30|52|3|0|173
1298|122|18|2023-06-22|2023-11-21|52|6|0|169
1299|123|18|2022-11-27|2023-03-14|52|3|0|429
1300|124|18|2023-08-03|2023-08-11|52|2|0|129
1301|200|18|2022-02-03|2023-07-23|53|5|0|65
1302|201|18|2022-06-12|2023-04-16|53|3|0|304
1303|202|18|2023-08-04|2023-11-02|53|4|0|179
1304|203|18|2022-01-21|2022-07-22|53|4|0|322
1305|204|18|2022-01-07|2022-02-06|53|5|0|300
1306|205|18|2023-01-19|2024-03-09|53|4|0|68
1307|206|18|2023-07-09|2024-02-13|53|5|0|347
1308|207|18|2024-01-15|2024-03-30|53|2|0|385
1309|208|18|2024-03-02|2024-03-26|53|2|0|75
1310|209|18|2022-03-18|2022-10-30|53|5|0|421
1311|210|18|2023-10-24|2023-10-29|53|5|0|104
1312|211|18|2022-02-20|2022-03-26|53|2|0|186
1313|212|18|2022-09-05|2023-04-09|53|1|0|40
1314|213|18|2022-05-10|2022-05-25|53|6|0|348
1315|214|18|2023-01-20|2023-06-19|53|4|0|472
1316|215|18|2023-04-04|2023-07-17|53|3|0|453
1317|216|18|2024-03-28|2024-04-02|53|6|0|253
1318|217|18|2023-12-25|2024-03-04|53|4|0|352
1319|218|18|2022-09-10|2023-10-17|53|5|0|143
1320|219|18|2022-05-04|2023-10-31|53|6|0|354
1321|220|18|2022-10-22|2023-12-27|53|3|0|39
1322|221|18|2022-05-31|2022-09-26|53|3|0|455
1323|222|18|2022-04-13|2022-06-14|53|2|0|140
1324|223|18|2022-10-26|2023-08-22|53|5|0|184
1325|224|18|2023-01-19|2023-04-04|53|4|0|378
1326|300|18|2024-02-19|2024-03-09|54|3|0|87
1327|301|18|2024-01-11|2024-02-18|54|2|0|16
1328|302|18|2023-09-19|2024-01-12|54|2|0|221
1329|303|18|2022-11-21|2023-11-08|54|3|0|291
1330|304|18|2022-06-17|2023-09-23|54|2|0|36
1331|305|18|2022-05-12|2022-08-02|54|3|0|9
1332|306|18|2022-02-17|2023-12-14|54|6|0|45
1333|307|18|2023-01-13|2023-06-11|54|5|0|132
1334|308|18|2022-03-28|2023-02-01|54|4|0|182
1335|309|18|2023-01-11|2023-06-26|54|5|0|303
1336|310|18|2023-08-03|2023-11-19|54|3|0|133
1337|311|18|2023-05-20|2024-01-07|54|1|0|263
1338|312|18|2022-08-22|2023-11-21|54|5|0|445
1339|313|18|2022-08-15|2023-05-20|54|1|0|9
1340|314|18|2023-06-30|2024-04-02|54|5|0|406
1341|315|18|2022-08-02|2022-08-30|54|5|0|34
1342|316|18|2022-12-30|2023-07-05|54|6|0|226
1343|317|18|2022-11-30|2023-09-03|54|6|0|164
1344|318|18|2022-04-11|2023-10-08|54|6|0|91
1345|319|18|2023-10-23|2023-11-05|54|1|0|60
1346|320|18|2023-08-14|2024-04-04|54|2|0|313
1347|321|18|2024-02-03|2024-02-27|54|3|0|325
1348|322|18|2022-12-10|2022-12-29|54|6|0|486
1349|323|18|2022-03-12|2022-04-22|54|3|0|400
1350|324|18|2022-08-10|2023-10-18|54|6|0|437
1351|100|19|2023-02-27|2023-07-05|55|1|0|215
1352|101|19|2023-06-15|2024-03-18|55|2|0|56
1353|102|19|2023-05-22|2024-03-09|55|1|0|301
1354|103|19|2022-09-25|2023-06-21|55|1|0|8
1355|104|19|2023-02-23|2023-07-11|55|1|0|446
1356|105|19|2023-09-05|2024-01-05|55|2|0|132
1357|106|19|2022-04-24|2024-03-21|55|2|0|167
1358|107|19|2022-03-17|2022-05-31|55|2|0|269
1359|108|19|2023-01-03|2023-05-06|55|1|0|381
1360|109|19|2022-10-27|2024-03-11|55|1|0|460
1361|110|19|2023-04-11|2023-11-02|55|1|0|95
1362|111|19|2022-07-25|2023-11-01|55|2|0|369
1363|112|19|2024-03-14|2024-03-27|55|2|0|453
1364|113|19|2023-11-14|2023-12-27|55|1|0|439
1365|114|19|2023-09-24|2023-11-13|55|2|0|89
1366|115|19|2023-03-19|2023-08-14|55|1|0|432
1367|116|19|2023-10-25|2024-03-25|55|1|0|284
1368|117|19|2024-01-13|2024-03-18|55|1|0|13
1369|118|19|2023-12-03|2024-03-24|55|1|0|61
1370|119|19|2022-04-24|2022-08-31|55|2|0|483
1371|120|19|2023-12-01|2024-02-22|55|2|0|176
1372|121|19|2023-08-25|2024-02-12|55|2|0|468
1373|122|19|2022-06-04|2022-08-05|55|1|0|337
1374|123|19|2022-06-26|2023-01-07|55|2|0|347
1375|124|19|2022-09-17|2024-04-06|55|1|0|258
1376|200|19|2022-12-19|2023-07-08|56|2|0|477
1377|201|19|2022-05-12|2023-05-02|56|1|0|416
1378|202|19|2022-10-04|2023-09-25|56|2|0|491
1379|203|19|2022-02-26|2023-07-06|56|1|0|394
1380|204|19|2022-12-15|2023-09-09|56|1|0|300
1381|205|19|2023-10-30|2024-02-23|56|1|0|374
1382|206|19|2022-07-12|2022-10-23|56|1|0|182
1383|207|19|2022-08-07|2023-06-29|56|2|0|375
1384|208|19|2023-06-25|2023-09-19|56|1|0|462
1385|209|19|2023-10-27|2024-01-25|56|2|0|468
1386|210|19|2022-11-18|2023-08-22|56|2|0|150
1387|211|19|2023-12-21|2024-04-06|56|2|0|214
1388|212|19|2022-01-12|2022-09-03|56|1|0|347
1389|213|19|2023-02-06|2024-03-16|56|1|0|127
1390|214|19|2023-12-12|2024-03-23|56|1|0|495
1391|215|19|2023-10-09|2023-10-15|56|2|0|206
1392|216|19|2023-03-06|2023-04-20|56|2|0|282
1393|217|19|2022-10-19|2022-11-09|56|2|0|393
1394|218|19|2022-07-17|2022-12-03|56|1|0|14
1395|219|19|2022-09-29|2023-09-14|56|1|0|488
1396|220|19|2023-02-19|2024-02-20|56|1|0|98
1397|221|19|2023-09-09|2024-04-01|56|2|0|244
1398|222|19|2022-02-16|2023-11-27|56|2|0|29
1399|223|19|2022-02-23|2024-01-21|56|2|0|476
1400|224|19|2022-03-08|2022-09-27|56|1|0|49
1401|300|19|2023-04-17|2023-11-17|57|1|0|11
1402|301|19|2023-09-29|2023-12-23|57|2|0|45
1403|302|19|2022-12-04|2022-12-29|57|1|0|6
1404|303|19|2022-06-18|2023-05-28|57|1|0|428
1405|304|19|2023-04-29|2023-07-02|57|2|0|206
1406|305|19|2022-03-06|2023-01-15|57|1|0|211
1407|306|19|2023-12-23|2024-01-09|57|1|0|464
1408|307|19|2023-04-17|2024-03-21|57|2|0|355
1409|308|19|2023-07-25|2024-02-04|57|2|0|274
1410|309|19|2023-08-07|2024-01-13|57|2|0|272
1411|310|19|2022-06-25|2022-07-21|57|1|0|361
1412|311|19|2023-12-18|2023-12-21|57|1|0|178
1413|312|19|2022-03-14|2023-01-20|57|1|0|164
1414|313|19|2024-03-14|2024-03-30|57|2|0|398
1415|314|19|2023-11-11|2024-02-01|57|2|0|90
1416|315|19|2022-03-29|2022-10-24|57|2|0|282
1417|316|19|2022-01-29|2023-02-10|57|2|0|335
1418|317|19|2022-12-19|2023-08-01|57|2|0|203
1419|318|19|2024-03-02|2024-03-03|57|2|0|231
1420|319|19|2022-01-21|2022-07-07|57|1|0|284
1421|320|19|2022-11-09|2024-03-28|57|1|0|114
1422|321|19|2023-01-13|2023-02-17|57|1|0|313
1423|322|19|2022-08-06|2023-02-02|57|2|0|221
1424|323|19|2023-05-29|2023-07-02|57|1|0|419
1425|324|19|2024-02-15|2024-03-20|57|2|0|97
1426|100|20|2023-05-16|2024-01-05|58|3|0|219
1427|101|20|2022-05-25|2022-12-27|58|4|0|417
1428|102|20|2022-08-14|2023-11-06|58|1|0|276
1429|103|20|2022-04-18|2022-09-19|58|2|0|430
1430|104|20|2023-09-18|2024-03-21|58|2|0|426
1431|105|20|2024-03-14|2024-04-04|58|4|0|395
1432|106|20|2023-06-21|2023-10-07|58|5|0|128
1433|107|20|2022-12-20|2023-11-12|58|3|0|62
1434|108|20|2023-04-05|2023-05-18|58|3|0|109
1435|109|20|2022-08-01|2023-05-28|58|5|0|481
1436|110|20|2023-01-05|2023-05-16|58|1|0|75
1437|111|20|2022-06-28|2023-09-10|58|2|0|266
1438|112|20|2023-10-04|2023-10-20|58|2|0|37
1439|113|20|2022-11-20|2023-07-18|58|3|0|174
1440|114|20|2022-05-20|2023-02-18|58|4|0|241
1441|115|20|2023-07-31|2023-08-09|58|3|0|117
1442|116|20|2023-07-09|2023-10-08|58|4|0|119
1443|117|20|2023-07-15|2024-03-30|58|1|0|174
1444|118|20|2024-01-19|2024-02-04|58|5|0|116
1445|119|20|2023-02-21|2023-10-03|58|5|0|289
1446|120|20|2023-06-22|2023-10-16|58|4|0|456
1447|121|20|2022-06-22|2023-03-30|58|1|0|387
1448|122|20|2022-06-04|2023-03-25|58|5|0|297
1449|123|20|2023-06-15|2023-10-26|58|4|0|483
1450|124|20|2023-09-27|2024-01-19|58|3|0|305
1451|200|20|2022-03-10|2023-02-27|59|4|0|74
1452|201|20|2022-05-08|2022-07-21|59|4|0|488
1453|202|20|2023-12-31|2024-04-01|59|4|0|34
1454|203|20|2023-04-04|2024-01-26|59|1|0|172
1455|204|20|2023-02-16|2023-09-21|59|2|0|63
1456|205|20|2024-01-04|2024-01-04|59|2|0|335
1457|206|20|2023-05-06|2023-11-03|59|4|0|69
1458|207|20|2023-03-03|2023-10-31|59|2|0|362
1459|208|20|2023-11-17|2024-01-21|59|3|0|56
1460|209|20|2023-10-16|2023-11-17|59|2|0|48
1461|210|20|2022-12-19|2024-04-06|59|2|0|468
1462|211|20|2023-06-08|2024-04-04|59|3|0|483
1463|212|20|2022-03-23|2022-08-03|59|4|0|463
1464|213|20|2022-02-06|2022-03-04|59|3|0|339
1465|214|20|2024-02-04|2024-03-11|59|1|0|182
1466|215|20|2022-01-24|2022-05-03|59|5|0|377
1467|216|20|2022-06-25|2023-06-17|59|2|0|164
1468|217|20|2022-09-26|2024-02-13|59|4|0|195
1469|218|20|2023-01-23|2023-03-28|59|3|0|18
1470|219|20|2022-10-01|2023-07-02|59|1|0|238
1471|220|20|2023-09-20|2024-02-09|59|1|0|336
1472|221|20|2024-01-20|2024-02-07|59|4|0|168
1473|222|20|2022-07-09|2023-01-28|59|2|0|129
1474|223|20|2022-11-24|2024-03-16|59|1|0|78
1475|224|20|2024-01-19|2024-01-31|59|1|0|52
1476|300|20|2022-08-04|2024-04-05|60|5|0|191
1477|301|20|2023-05-23|2023-06-25|60|3|0|260
1478|302|20|2023-04-12|2024-01-20|60|5|0|487
1479|303|20|2023-03-25|2023-05-16|60|5|0|194
1480|304|20|2023-06-01|2023-12-04|60|5|0|358
1481|305|20|2022-05-18|2023-09-24|60|3|0|280
1482|306|20|2022-06-09|2023-02-14|60|5|0|289
1483|307|20|2023-01-02|2023-08-09|60|4|0|158
1484|308|20|2023-01-22|2024-04-04|60|3|0|189
1485|309|20|2022-12-30|2023-10-10|60|1|0|413
1486|310|20|2023-04-18|2023-06-21|60|1|0|53
1487|311|20|2023-03-25|2024-01-27|60|4|0|393
1488|312|20|2022-12-26|2023-04-23|60|2|0|366
1489|313|20|2022-04-18|2022-04-21|60|3|0|337
1490|314|20|2023-09-15|2023-11-02|60|2|0|132
1491|315|20|2022-02-28|2022-03-30|60|4|0|70
1492|316|20|2022-02-27|2023-03-04|60|3|0|158
1493|317|20|2022-12-13|2023-10-27|60|4|0|473
1494|318|20|2023-02-17|2023-03-16|60|5|0|494
1495|319|20|2022-03-31|2023-04-28|60|5|0|135
1496|320|20|2022-10-21|2024-01-21|60|5|0|281
1497|321|20|2023-06-01|2023-07-24|60|5|0|132
1498|322|20|2023-01-28|2024-01-22|60|1|0|242
1499|323|20|2023-11-22|2023-12-28|60|5|0|454
1500|324|20|2023-12-14|2023-12-16|60|4|0|421
